================== Tensiones IETFEM v2.11 ===========================


Archivo de entrada: ../../input/3D/Truss_3D_sd/grua.txt  ... 

Tiempo en resolver: 1604.753 segundos

Tipo de problema: Truss 3D pequeñas deformaciones y desplazamientos

Magnitud de fuerza: kN 

Magnitud de longitud: m 

Número de elementos: 1294 

Sigma_lin = N_lin/A  

------------------------- 
 Tensiones (kN/m^2)              
------------------------- 
| Elem |    Sigma_lin   | 
------------------------- 
|    1 |    0.00e+000   |
|    2 |   -2.07e+005   |
|    3 |    1.78e+004   |
|    4 |    9.85e+004   |
|    5 |   -2.28e+004   |
|    6 |   -2.28e+004   |
|    7 |   -2.19e+005   |
|    8 |    1.69e+004   |
|    9 |    1.04e+005   |
|   10 |   -2.03e+004   |
|   11 |   -2.03e+004   |
|   12 |   -2.18e+005   |
|   13 |    1.69e+004   |
|   14 |    1.03e+005   |
|   15 |   -2.04e+004   |
|   16 |   -2.04e+004   |
|   17 |   -2.18e+005   |
|   18 |    1.69e+004   |
|   19 |    1.03e+005   |
|   20 |   -2.04e+004   |
|   21 |   -2.04e+004   |
|   22 |   -2.18e+005   |
|   23 |    1.69e+004   |
|   24 |    1.03e+005   |
|   25 |   -2.04e+004   |
|   26 |   -2.04e+004   |
|   27 |   -2.18e+005   |
|   28 |    1.69e+004   |
|   29 |    1.03e+005   |
|   30 |   -2.04e+004   |
|   31 |   -2.04e+004   |
|   32 |   -2.18e+005   |
|   33 |    1.69e+004   |
|   34 |    1.03e+005   |
|   35 |   -2.04e+004   |
|   36 |   -2.04e+004   |
|   37 |   -2.18e+005   |
|   38 |    1.69e+004   |
|   39 |    1.03e+005   |
|   40 |   -2.04e+004   |
|   41 |   -2.04e+004   |
|   42 |   -2.18e+005   |
|   43 |    1.69e+004   |
|   44 |    1.03e+005   |
|   45 |   -2.04e+004   |
|   46 |   -2.04e+004   |
|   47 |   -2.18e+005   |
|   48 |    1.69e+004   |
|   49 |    1.03e+005   |
|   50 |   -2.04e+004   |
|   51 |   -2.04e+004   |
|   52 |   -2.18e+005   |
|   53 |    1.69e+004   |
|   54 |    1.03e+005   |
|   55 |   -2.04e+004   |
|   56 |   -2.04e+004   |
|   57 |   -2.18e+005   |
|   58 |    1.69e+004   |
|   59 |    1.03e+005   |
|   60 |   -2.04e+004   |
|   61 |   -2.04e+004   |
|   62 |   -2.18e+005   |
|   63 |    1.69e+004   |
|   64 |    1.03e+005   |
|   65 |   -2.04e+004   |
|   66 |   -2.04e+004   |
|   67 |   -2.18e+005   |
|   68 |    1.69e+004   |
|   69 |    1.03e+005   |
|   70 |   -2.04e+004   |
|   71 |   -2.04e+004   |
|   72 |   -2.18e+005   |
|   73 |    1.69e+004   |
|   74 |    1.03e+005   |
|   75 |   -2.04e+004   |
|   76 |   -2.04e+004   |
|   77 |   -2.18e+005   |
|   78 |    1.69e+004   |
|   79 |    1.03e+005   |
|   80 |   -2.04e+004   |
|   81 |   -2.04e+004   |
|   82 |   -2.18e+005   |
|   83 |    1.69e+004   |
|   84 |    1.03e+005   |
|   85 |   -2.04e+004   |
|   86 |   -2.04e+004   |
|   87 |   -2.18e+005   |
|   88 |    1.69e+004   |
|   89 |    1.03e+005   |
|   90 |   -2.04e+004   |
|   91 |   -2.04e+004   |
|   92 |   -2.18e+005   |
|   93 |    1.69e+004   |
|   94 |    1.03e+005   |
|   95 |   -2.04e+004   |
|   96 |   -2.04e+004   |
|   97 |   -2.18e+005   |
|   98 |    1.69e+004   |
|   99 |    1.03e+005   |
|  100 |   -2.04e+004   |
|  101 |   -2.04e+004   |
|  102 |   -2.18e+005   |
|  103 |    1.69e+004   |
|  104 |    1.03e+005   |
|  105 |   -2.04e+004   |
|  106 |   -2.04e+004   |
|  107 |   -2.18e+005   |
|  108 |    1.69e+004   |
|  109 |    1.03e+005   |
|  110 |   -2.04e+004   |
|  111 |   -2.04e+004   |
|  112 |   -2.18e+005   |
|  113 |    1.71e+004   |
|  114 |    1.03e+005   |
|  115 |   -2.04e+004   |
|  116 |   -2.04e+004   |
|  117 |   -2.18e+005   |
|  118 |    1.56e+004   |
|  119 |    1.03e+005   |
|  120 |   -2.07e+004   |
|  121 |   -2.07e+004   |
|  122 |   -2.19e+005   |
|  123 |    2.84e+004   |
|  124 |    1.03e+005   |
|  125 |   -1.81e+004   |
|  126 |   -1.81e+004   |
|  127 |   -2.10e+005   |
|  128 |   -9.18e+004   |
|  129 |    1.10e+005   |
|  130 |   -4.10e+004   |
|  131 |   -4.10e+004   |
|  132 |   -1.69e+005   |
|  133 |    6.76e+004   |
|  134 |    9.90e+004   |
|  135 |    1.14e+004   |
|  136 |   -5.84e+004   |
|  137 |   -1.70e+005   |
|  138 |    4.14e+003   |
|  139 |    9.18e+004   |
|  140 |    1.36e+004   |
|  141 |   -1.66e+004   |
|  142 |   -1.50e+005   |
|  143 |    1.12e+004   |
|  144 |    7.96e+004   |
|  145 |    1.22e+003   |
|  146 |   -2.89e+004   |
|  147 |   -1.33e+005   |
|  148 |    1.03e+004   |
|  149 |    6.15e+004   |
|  150 |    2.67e+003   |
|  151 |   -2.75e+004   |
|  152 |    8.44e+004   |
|  153 |    2.82e+004   |
|  154 |   -1.24e+005   |
|  155 |   -5.03e+004   |
|  156 |   -3.97e+004   |
|  157 |   -1.15e+005   |
|  158 |    1.04e+004   |
|  159 |    4.39e+004   |
|  160 |    2.48e+003   |
|  161 |   -2.77e+004   |
|  162 |    6.68e+004   |
|  163 |    6.86e+003   |
|  164 |   -1.31e+005   |
|  165 |   -1.24e+004   |
|  166 |   -1.88e+003   |
|  167 |    6.12e+004   |
|  168 |    9.43e+003   |
|  169 |   -1.24e+005   |
|  170 |   -1.68e+004   |
|  171 |   -6.24e+003   |
|  172 |    5.50e+004   |
|  173 |    9.11e+003   |
|  174 |   -1.17e+005   |
|  175 |   -1.63e+004   |
|  176 |   -5.69e+003   |
|  177 |    4.88e+004   |
|  178 |    9.15e+003   |
|  179 |   -1.11e+005   |
|  180 |   -1.63e+004   |
|  181 |   -5.76e+003   |
|  182 |    4.27e+004   |
|  183 |    9.14e+003   |
|  184 |   -1.05e+005   |
|  185 |   -1.63e+004   |
|  186 |   -5.76e+003   |
|  187 |    3.65e+004   |
|  188 |    9.15e+003   |
|  189 |   -9.89e+004   |
|  190 |   -1.63e+004   |
|  191 |   -5.76e+003   |
|  192 |    3.03e+004   |
|  193 |    9.12e+003   |
|  194 |   -9.27e+004   |
|  195 |   -1.63e+004   |
|  196 |   -5.76e+003   |
|  197 |    2.41e+004   |
|  198 |    9.30e+003   |
|  199 |   -8.65e+004   |
|  200 |   -1.63e+004   |
|  201 |   -5.72e+003   |
|  202 |    1.79e+004   |
|  203 |    7.86e+003   |
|  204 |   -8.03e+004   |
|  205 |   -1.66e+004   |
|  206 |   -6.02e+003   |
|  207 |    1.17e+004   |
|  208 |    2.01e+004   |
|  209 |   -7.50e+004   |
|  210 |   -1.41e+004   |
|  211 |   -3.55e+003   |
|  212 |    3.14e+004   |
|  213 |    1.45e+003   |
|  214 |   -5.60e+004   |
|  215 |   -3.63e+004   |
|  216 |    3.48e+004   |
|  217 |   -7.72e+003   |
|  218 |    3.89e+003   |
|  219 |   -1.35e+004   |
|  220 |   -3.96e+004   |
|  221 |    3.16e+004   |
|  222 |   -4.89e+004   |
|  223 |   -2.77e+003   |
|  224 |    2.85e+004   |
|  225 |   -4.04e+004   |
|  226 |    3.08e+004   |
|  227 |   -8.16e+004   |
|  228 |   -2.02e+003   |
|  229 |    6.23e+004   |
|  230 |   -2.75e+004   |
|  231 |    1.54e+004   |
|  232 |   -9.85e+004   |
|  233 |   -2.75e+003   |
|  234 |    7.91e+004   |
|  235 |   -1.33e+004   |
|  236 |    1.27e+003   |
|  237 |   -9.94e+004   |
|  238 |    3.71e+003   |
|  239 |    7.90e+004   |
|  240 |    1.98e+003   |
|  241 |   -1.17e+004   |
|  242 |   -9.21e+004   |
|  243 |    3.06e+003   |
|  244 |    7.07e+004   |
|  245 |    3.18e+003   |
|  246 |   -1.05e+004   |
|  247 |   -8.40e+004   |
|  248 |    3.14e+003   |
|  249 |    6.27e+004   |
|  250 |    3.05e+003   |
|  251 |   -1.06e+004   |
|  252 |   -7.60e+004   |
|  253 |    3.13e+003   |
|  254 |    5.47e+004   |
|  255 |    3.07e+003   |
|  256 |   -1.06e+004   |
|  257 |   -6.80e+004   |
|  258 |    3.13e+003   |
|  259 |    4.67e+004   |
|  260 |    3.06e+003   |
|  261 |   -1.06e+004   |
|  262 |   -6.00e+004   |
|  263 |    3.13e+003   |
|  264 |    3.86e+004   |
|  265 |    3.06e+003   |
|  266 |   -1.06e+004   |
|  267 |   -5.20e+004   |
|  268 |    3.12e+003   |
|  269 |    3.06e+004   |
|  270 |    3.06e+003   |
|  271 |   -1.06e+004   |
|  272 |   -4.40e+004   |
|  273 |    3.17e+003   |
|  274 |    2.26e+004   |
|  275 |    3.07e+003   |
|  276 |   -1.06e+004   |
|  277 |   -3.60e+004   |
|  278 |    2.84e+003   |
|  279 |    1.46e+004   |
|  280 |    3.00e+003   |
|  281 |   -1.07e+004   |
|  282 |   -2.77e+004   |
|  283 |    5.13e+003   |
|  284 |    6.41e+003   |
|  285 |    3.52e+003   |
|  286 |   -1.02e+004   |
|  287 |   -1.88e+004   |
|  288 |    1.80e+004   |
|  289 |    4.82e+003   |
|  290 |   -6.01e+003   |
|  291 |    9.54e+003   |
|  292 |   -8.57e+004   |
|  293 |    5.68e+003   |
|  294 |    3.65e+004   |
|  295 |   -4.46e+004   |
|  296 |    3.19e+004   |
|  297 |   -1.30e+005   |
|  298 |    8.32e+003   |
|  299 |    8.22e+004   |
|  300 |   -4.68e+004   |
|  301 |    2.97e+004   |
|  302 |   -1.74e+005   |
|  303 |   -4.05e+003   |
|  304 |    1.28e+005   |
|  305 |   -4.88e+004   |
|  306 |    2.77e+004   |
|  307 |   -2.02e+005   |
|  308 |   -2.66e+003   |
|  309 |    1.57e+005   |
|  310 |   -2.43e+004   |
|  311 |   -1.25e+003   |
|  312 |   -2.00e+005   |
|  313 |   -4.03e+003   |
|  314 |    1.55e+005   |
|  315 |    2.36e+003   |
|  316 |   -2.79e+004   |
|  317 |   -1.68e+005   |
|  318 |    8.19e+003   |
|  319 |    1.21e+005   |
|  320 |    3.13e+004   |
|  321 |   -5.24e+004   |
|  322 |   -1.20e+005   |
|  323 |    6.78e+003   |
|  324 |    7.16e+004   |
|  325 |    3.35e+004   |
|  326 |   -5.02e+004   |
|  327 |   -7.08e+004   |
|  328 |    8.32e+003   |
|  329 |    2.26e+004   |
|  330 |    3.35e+004   |
|  331 |   -5.01e+004   |
|  332 |   -2.14e+004   |
|  333 |   -3.12e+003   |
|  334 |   -2.63e+004   |
|  335 |    3.12e+004   |
|  336 |   -5.25e+004   |
|  337 |    2.12e+004   |
|  338 |   -7.96e+004   |
|  339 |    5.12e+004   |
|  340 |   -3.25e+004   |
|  341 |    2.99e+003   |
|  342 |   -9.73e+004   |
|  343 |    1.04e+004   |
|  344 |    2.63e+004   |
|  345 |    2.51e+003   |
|  346 |   -2.76e+004   |
|  347 |   -7.95e+004   |
|  348 |    9.87e+003   |
|  349 |    8.61e+003   |
|  350 |    2.43e+003   |
|  351 |   -2.77e+004   |
|  352 |   -6.49e+004   |
|  353 |    2.03e+004   |
|  354 |   -1.01e+004   |
|  355 |    3.87e+003   |
|  356 |   -2.63e+004   |
|  357 |    1.93e+004   |
|  358 |    7.11e+004   |
|  359 |    7.51e+004   |
|  360 |    3.35e+004   |
|  361 |    0.00e+000   |
|  362 |    0.00e+000   |
|  363 |    0.00e+000   |
|  364 |   -2.07e+005   |
|  365 |    9.14e+004   |
|  366 |    9.85e+004   |
|  367 |   -5.57e+004   |
|  368 |    1.78e+004   |
|  369 |    3.53e+004   |
|  370 |    3.53e+004   |
|  371 |   -2.28e+004   |
|  372 |   -2.28e+004   |
|  373 |   -8.08e+004   |
|  374 |   -8.08e+004   |
|  375 |    1.78e+004   |
|  376 |    1.78e+004   |
|  377 |   -2.19e+005   |
|  378 |    8.27e+004   |
|  379 |    1.04e+005   |
|  380 |   -4.90e+004   |
|  381 |    1.69e+004   |
|  382 |    2.56e+004   |
|  383 |    2.56e+004   |
|  384 |   -2.03e+004   |
|  385 |   -2.03e+004   |
|  386 |   -6.62e+004   |
|  387 |   -6.62e+004   |
|  388 |    1.69e+004   |
|  389 |    1.69e+004   |
|  390 |   -2.18e+005   |
|  391 |    8.36e+004   |
|  392 |    1.03e+005   |
|  393 |   -4.97e+004   |
|  394 |    1.69e+004   |
|  395 |    2.68e+004   |
|  396 |    2.68e+004   |
|  397 |   -2.04e+004   |
|  398 |   -2.04e+004   |
|  399 |   -6.76e+004   |
|  400 |   -6.76e+004   |
|  401 |    1.69e+004   |
|  402 |    1.69e+004   |
|  403 |   -2.18e+005   |
|  404 |    8.35e+004   |
|  405 |    1.03e+005   |
|  406 |   -4.96e+004   |
|  407 |    1.69e+004   |
|  408 |    2.66e+004   |
|  409 |    2.66e+004   |
|  410 |   -2.04e+004   |
|  411 |   -2.04e+004   |
|  412 |   -6.75e+004   |
|  413 |   -6.75e+004   |
|  414 |    1.69e+004   |
|  415 |    1.69e+004   |
|  416 |   -2.18e+005   |
|  417 |    8.35e+004   |
|  418 |    1.03e+005   |
|  419 |   -4.97e+004   |
|  420 |    1.69e+004   |
|  421 |    2.67e+004   |
|  422 |    2.67e+004   |
|  423 |   -2.04e+004   |
|  424 |   -2.04e+004   |
|  425 |   -6.75e+004   |
|  426 |   -6.75e+004   |
|  427 |    1.69e+004   |
|  428 |    1.69e+004   |
|  429 |   -2.18e+005   |
|  430 |    8.35e+004   |
|  431 |    1.03e+005   |
|  432 |   -4.97e+004   |
|  433 |    1.69e+004   |
|  434 |    2.67e+004   |
|  435 |    2.67e+004   |
|  436 |   -2.04e+004   |
|  437 |   -2.04e+004   |
|  438 |   -6.75e+004   |
|  439 |   -6.75e+004   |
|  440 |    1.69e+004   |
|  441 |    1.69e+004   |
|  442 |   -2.18e+005   |
|  443 |    8.35e+004   |
|  444 |    1.03e+005   |
|  445 |   -4.97e+004   |
|  446 |    1.69e+004   |
|  447 |    2.67e+004   |
|  448 |    2.67e+004   |
|  449 |   -2.04e+004   |
|  450 |   -2.04e+004   |
|  451 |   -6.75e+004   |
|  452 |   -6.75e+004   |
|  453 |    1.69e+004   |
|  454 |    1.69e+004   |
|  455 |   -2.18e+005   |
|  456 |    8.35e+004   |
|  457 |    1.03e+005   |
|  458 |   -4.97e+004   |
|  459 |    1.69e+004   |
|  460 |    2.67e+004   |
|  461 |    2.67e+004   |
|  462 |   -2.04e+004   |
|  463 |   -2.04e+004   |
|  464 |   -6.75e+004   |
|  465 |   -6.75e+004   |
|  466 |    1.69e+004   |
|  467 |    1.69e+004   |
|  468 |   -2.18e+005   |
|  469 |    8.35e+004   |
|  470 |    1.03e+005   |
|  471 |   -4.97e+004   |
|  472 |    1.69e+004   |
|  473 |    2.67e+004   |
|  474 |    2.67e+004   |
|  475 |   -2.04e+004   |
|  476 |   -2.04e+004   |
|  477 |   -6.75e+004   |
|  478 |   -6.75e+004   |
|  479 |    1.69e+004   |
|  480 |    1.69e+004   |
|  481 |   -2.18e+005   |
|  482 |    8.35e+004   |
|  483 |    1.03e+005   |
|  484 |   -4.97e+004   |
|  485 |    1.69e+004   |
|  486 |    2.67e+004   |
|  487 |    2.67e+004   |
|  488 |   -2.04e+004   |
|  489 |   -2.04e+004   |
|  490 |   -6.75e+004   |
|  491 |   -6.75e+004   |
|  492 |    1.69e+004   |
|  493 |    1.69e+004   |
|  494 |   -2.18e+005   |
|  495 |    8.35e+004   |
|  496 |    1.03e+005   |
|  497 |   -4.97e+004   |
|  498 |    1.69e+004   |
|  499 |    2.67e+004   |
|  500 |    2.67e+004   |
|  501 |   -2.04e+004   |
|  502 |   -2.04e+004   |
|  503 |   -6.75e+004   |
|  504 |   -6.75e+004   |
|  505 |    1.69e+004   |
|  506 |    1.69e+004   |
|  507 |   -2.18e+005   |
|  508 |    8.35e+004   |
|  509 |    1.03e+005   |
|  510 |   -4.97e+004   |
|  511 |    1.69e+004   |
|  512 |    2.67e+004   |
|  513 |    2.67e+004   |
|  514 |   -2.04e+004   |
|  515 |   -2.04e+004   |
|  516 |   -6.75e+004   |
|  517 |   -6.75e+004   |
|  518 |    1.69e+004   |
|  519 |    1.69e+004   |
|  520 |   -2.18e+005   |
|  521 |    8.35e+004   |
|  522 |    1.03e+005   |
|  523 |   -4.97e+004   |
|  524 |    1.69e+004   |
|  525 |    2.67e+004   |
|  526 |    2.67e+004   |
|  527 |   -2.04e+004   |
|  528 |   -2.04e+004   |
|  529 |   -6.75e+004   |
|  530 |   -6.75e+004   |
|  531 |    1.69e+004   |
|  532 |    1.69e+004   |
|  533 |   -2.18e+005   |
|  534 |    8.35e+004   |
|  535 |    1.03e+005   |
|  536 |   -4.97e+004   |
|  537 |    1.69e+004   |
|  538 |    2.67e+004   |
|  539 |    2.67e+004   |
|  540 |   -2.04e+004   |
|  541 |   -2.04e+004   |
|  542 |   -6.75e+004   |
|  543 |   -6.75e+004   |
|  544 |    1.69e+004   |
|  545 |    1.69e+004   |
|  546 |   -2.18e+005   |
|  547 |    8.35e+004   |
|  548 |    1.03e+005   |
|  549 |   -4.97e+004   |
|  550 |    1.69e+004   |
|  551 |    2.67e+004   |
|  552 |    2.67e+004   |
|  553 |   -2.04e+004   |
|  554 |   -2.04e+004   |
|  555 |   -6.75e+004   |
|  556 |   -6.75e+004   |
|  557 |    1.69e+004   |
|  558 |    1.69e+004   |
|  559 |   -2.18e+005   |
|  560 |    8.35e+004   |
|  561 |    1.03e+005   |
|  562 |   -4.97e+004   |
|  563 |    1.69e+004   |
|  564 |    2.67e+004   |
|  565 |    2.67e+004   |
|  566 |   -2.04e+004   |
|  567 |   -2.04e+004   |
|  568 |   -6.75e+004   |
|  569 |   -6.75e+004   |
|  570 |    1.69e+004   |
|  571 |    1.69e+004   |
|  572 |   -2.18e+005   |
|  573 |    8.35e+004   |
|  574 |    1.03e+005   |
|  575 |   -4.97e+004   |
|  576 |    1.69e+004   |
|  577 |    2.67e+004   |
|  578 |    2.67e+004   |
|  579 |   -2.04e+004   |
|  580 |   -2.04e+004   |
|  581 |   -6.75e+004   |
|  582 |   -6.75e+004   |
|  583 |    1.69e+004   |
|  584 |    1.69e+004   |
|  585 |   -2.18e+005   |
|  586 |    8.35e+004   |
|  587 |    1.03e+005   |
|  588 |   -4.97e+004   |
|  589 |    1.69e+004   |
|  590 |    2.67e+004   |
|  591 |    2.67e+004   |
|  592 |   -2.04e+004   |
|  593 |   -2.04e+004   |
|  594 |   -6.75e+004   |
|  595 |   -6.75e+004   |
|  596 |    1.69e+004   |
|  597 |    1.69e+004   |
|  598 |   -2.18e+005   |
|  599 |    8.35e+004   |
|  600 |    1.03e+005   |
|  601 |   -4.97e+004   |
|  602 |    1.69e+004   |
|  603 |    2.67e+004   |
|  604 |    2.67e+004   |
|  605 |   -2.04e+004   |
|  606 |   -2.04e+004   |
|  607 |   -6.75e+004   |
|  608 |   -6.75e+004   |
|  609 |    1.69e+004   |
|  610 |    1.69e+004   |
|  611 |   -2.18e+005   |
|  612 |    8.35e+004   |
|  613 |    1.03e+005   |
|  614 |   -4.97e+004   |
|  615 |    1.69e+004   |
|  616 |    2.67e+004   |
|  617 |    2.67e+004   |
|  618 |   -2.04e+004   |
|  619 |   -2.04e+004   |
|  620 |   -6.75e+004   |
|  621 |   -6.75e+004   |
|  622 |    1.69e+004   |
|  623 |    1.69e+004   |
|  624 |   -2.18e+005   |
|  625 |    8.35e+004   |
|  626 |    1.03e+005   |
|  627 |   -4.97e+004   |
|  628 |    1.69e+004   |
|  629 |    2.67e+004   |
|  630 |    2.67e+004   |
|  631 |   -2.04e+004   |
|  632 |   -2.04e+004   |
|  633 |   -6.75e+004   |
|  634 |   -6.75e+004   |
|  635 |    1.69e+004   |
|  636 |    1.69e+004   |
|  637 |   -2.18e+005   |
|  638 |    8.35e+004   |
|  639 |    1.03e+005   |
|  640 |   -4.96e+004   |
|  641 |    1.69e+004   |
|  642 |    2.67e+004   |
|  643 |    2.67e+004   |
|  644 |   -2.04e+004   |
|  645 |   -2.04e+004   |
|  646 |   -6.75e+004   |
|  647 |   -6.75e+004   |
|  648 |    1.69e+004   |
|  649 |    1.69e+004   |
|  650 |   -2.18e+005   |
|  651 |    8.33e+004   |
|  652 |    1.03e+005   |
|  653 |   -4.98e+004   |
|  654 |    1.71e+004   |
|  655 |    2.66e+004   |
|  656 |    2.66e+004   |
|  657 |   -2.04e+004   |
|  658 |   -2.04e+004   |
|  659 |   -6.75e+004   |
|  660 |   -6.75e+004   |
|  661 |    1.69e+004   |
|  662 |    1.69e+004   |
|  663 |   -2.18e+005   |
|  664 |    8.45e+004   |
|  665 |    1.03e+005   |
|  666 |   -4.84e+004   |
|  667 |    1.56e+004   |
|  668 |    2.69e+004   |
|  669 |    2.69e+004   |
|  670 |   -2.07e+004   |
|  671 |   -2.07e+004   |
|  672 |   -6.72e+004   |
|  673 |   -6.72e+004   |
|  674 |    1.68e+004   |
|  675 |    1.68e+004   |
|  676 |   -2.19e+005   |
|  677 |    7.69e+004   |
|  678 |    1.03e+005   |
|  679 |   -5.77e+004   |
|  680 |    2.84e+004   |
|  681 |    2.48e+004   |
|  682 |    2.48e+004   |
|  683 |   -1.81e+004   |
|  684 |   -1.81e+004   |
|  685 |   -6.91e+004   |
|  686 |   -6.91e+004   |
|  687 |    1.90e+004   |
|  688 |    1.90e+004   |
|  689 |   -2.10e+005   |
|  690 |    1.09e+005   |
|  691 |    1.10e+005   |
|  692 |   -9.90e+003   |
|  693 |   -9.18e+004   |
|  694 |    3.79e+004   |
|  695 |    3.79e+004   |
|  696 |   -4.10e+004   |
|  697 |   -4.10e+004   |
|  698 |   -5.86e+004   |
|  699 |   -5.86e+004   |
|  700 |   -2.11e+004   |
|  701 |   -2.11e+004   |
|  702 |   -1.69e+005   |
|  703 |    3.09e+004   |
|  704 |    9.90e+004   |
|  705 |   -5.64e+004   |
|  706 |    6.76e+004   |
|  707 |    3.29e+004   |
|  708 |    3.29e+004   |
|  709 |   -5.84e+004   |
|  710 |    1.14e+004   |
|  711 |   -4.94e+004   |
|  712 |   -4.94e+004   |
|  713 |    2.75e+004   |
|  714 |    2.75e+004   |
|  715 |   -1.70e+005   |
|  716 |    6.76e+004   |
|  717 |    9.18e+004   |
|  718 |   -3.79e+004   |
|  719 |    4.14e+003   |
|  720 |    2.23e+004   |
|  721 |    2.23e+004   |
|  722 |   -1.66e+004   |
|  723 |    1.36e+004   |
|  724 |   -6.01e+004   |
|  725 |   -6.01e+004   |
|  726 |    9.48e+003   |
|  727 |    9.48e+003   |
|  728 |   -1.50e+005   |
|  729 |    5.35e+004   |
|  730 |    7.96e+004   |
|  731 |   -3.40e+004   |
|  732 |    1.12e+004   |
|  733 |    2.18e+004   |
|  734 |    2.18e+004   |
|  735 |   -2.89e+004   |
|  736 |    1.22e+003   |
|  737 |   -4.49e+004   |
|  738 |   -4.49e+004   |
|  739 |    1.05e+004   |
|  740 |    1.05e+004   |
|  741 |   -1.33e+005   |
|  742 |    4.71e+004   |
|  743 |    6.15e+004   |
|  744 |   -2.61e+004   |
|  745 |    1.03e+004   |
|  746 |    1.58e+004   |
|  747 |    1.58e+004   |
|  748 |   -2.75e+004   |
|  749 |    2.67e+003   |
|  750 |   -4.12e+004   |
|  751 |   -4.12e+004   |
|  752 |    1.04e+004   |
|  753 |    1.04e+004   |
|  754 |   -1.15e+005   |
|  755 |    3.96e+004   |
|  756 |    4.39e+004   |
|  757 |   -1.88e+004   |
|  758 |    1.04e+004   |
|  759 |    1.07e+004   |
|  760 |    1.07e+004   |
|  761 |   -2.77e+004   |
|  762 |    2.48e+003   |
|  763 |   -3.58e+004   |
|  764 |   -3.58e+004   |
|  765 |    1.04e+004   |
|  766 |    1.04e+004   |
|  767 |   -9.73e+004   |
|  768 |    3.25e+004   |
|  769 |    2.63e+004   |
|  770 |   -1.16e+004   |
|  771 |    1.04e+004   |
|  772 |    5.52e+003   |
|  773 |    5.52e+003   |
|  774 |   -2.76e+004   |
|  775 |    2.51e+003   |
|  776 |   -3.06e+004   |
|  777 |   -3.06e+004   |
|  778 |    1.04e+004   |
|  779 |    1.04e+004   |
|  780 |   -7.95e+004   |
|  781 |    2.37e+004   |
|  782 |    8.61e+003   |
|  783 |   -3.92e+003   |
|  784 |    9.87e+003   |
|  785 |    4.27e+002   |
|  786 |    4.27e+002   |
|  787 |   -2.77e+004   |
|  788 |    2.43e+003   |
|  789 |   -2.57e+004   |
|  790 |   -2.57e+004   |
|  791 |    9.87e+003   |
|  792 |    9.87e+003   |
|  793 |   -6.49e+004   |
|  794 |    3.55e+004   |
|  795 |   -1.01e+004   |
|  796 |    5.03e+003   |
|  797 |    2.03e+004   |
|  798 |   -4.75e+003   |
|  799 |   -4.75e+003   |
|  800 |   -2.63e+004   |
|  801 |    3.87e+003   |
|  802 |   -1.76e+004   |
|  803 |   -1.76e+004   |
|  804 |    2.03e+004   |
|  805 |    2.03e+004   |
|  806 |   -3.92e+004   |
|  807 |   -9.14e+004   |
|  808 |   -9.14e+004   |
|  809 |   -3.92e+004   |
|  810 |    2.48e+003   |
|  811 |   -3.12e+003   |
|  812 |    2.64e+004   |
|  813 |    5.66e+003   |
|  814 |    5.66e+003   |
|  815 |   -7.96e+004   |
|  816 |    2.12e+004   |
|  817 |   -2.89e+003   |
|  818 |   -3.56e+004   |
|  819 |   -3.25e+004   |
|  820 |    5.12e+004   |
|  821 |   -3.56e+004   |
|  822 |   -2.89e+003   |
|  823 |    1.52e+004   |
|  824 |    8.32e+003   |
|  825 |   -3.33e+003   |
|  826 |    7.14e+003   |
|  827 |    7.14e+003   |
|  828 |   -2.63e+004   |
|  829 |   -2.14e+004   |
|  830 |   -6.28e+003   |
|  831 |   -7.36e+003   |
|  832 |   -5.25e+004   |
|  833 |    3.12e+004   |
|  834 |   -7.36e+003   |
|  835 |   -6.28e+003   |
|  836 |    3.68e+004   |
|  837 |    6.78e+003   |
|  838 |   -2.21e+004   |
|  839 |    7.04e+003   |
|  840 |    7.04e+003   |
|  841 |    2.26e+004   |
|  842 |   -7.08e+004   |
|  843 |   -2.24e+004   |
|  844 |    4.92e+003   |
|  845 |   -5.01e+004   |
|  846 |    3.35e+004   |
|  847 |    4.92e+003   |
|  848 |   -2.24e+004   |
|  849 |    5.65e+004   |
|  850 |    8.19e+003   |
|  851 |   -4.36e+004   |
|  852 |    7.32e+003   |
|  853 |    7.32e+003   |
|  854 |    7.16e+004   |
|  855 |   -1.20e+005   |
|  856 |   -3.66e+004   |
|  857 |    1.94e+004   |
|  858 |   -5.02e+004   |
|  859 |    3.35e+004   |
|  860 |    1.94e+004   |
|  861 |   -3.66e+004   |
|  862 |    7.65e+004   |
|  863 |   -4.03e+003   |
|  864 |   -5.90e+004   |
|  865 |    2.36e+003   |
|  866 |    2.36e+003   |
|  867 |    1.21e+005   |
|  868 |   -1.68e+005   |
|  869 |   -5.06e+004   |
|  870 |    3.50e+004   |
|  871 |   -5.24e+004   |
|  872 |    3.13e+004   |
|  873 |    3.50e+004   |
|  874 |   -5.06e+004   |
|  875 |    8.33e+004   |
|  876 |   -2.66e+003   |
|  877 |   -6.74e+004   |
|  878 |    2.64e+003   |
|  879 |    2.64e+003   |
|  880 |    1.55e+005   |
|  881 |   -2.00e+005   |
|  882 |   -5.99e+004   |
|  883 |    4.60e+004   |
|  884 |   -2.79e+004   |
|  885 |    2.36e+003   |
|  886 |    4.60e+004   |
|  887 |   -5.99e+004   |
|  888 |    7.82e+004   |
|  889 |   -4.05e+003   |
|  890 |   -6.07e+004   |
|  891 |    2.36e+003   |
|  892 |    2.36e+003   |
|  893 |    1.57e+005   |
|  894 |   -2.02e+005   |
|  895 |   -6.05e+004   |
|  896 |    4.67e+004   |
|  897 |   -1.25e+003   |
|  898 |   -2.43e+004   |
|  899 |    4.67e+004   |
|  900 |   -6.05e+004   |
|  901 |    5.98e+004   |
|  902 |    8.32e+003   |
|  903 |   -4.72e+004   |
|  904 |    7.33e+003   |
|  905 |    7.33e+003   |
|  906 |    1.28e+005   |
|  907 |   -1.74e+005   |
|  908 |   -5.25e+004   |
|  909 |    3.68e+004   |
|  910 |    2.77e+004   |
|  911 |   -4.88e+004   |
|  912 |    3.68e+004   |
|  913 |   -5.25e+004   |
|  914 |    4.32e+004   |
|  915 |    5.68e+003   |
|  916 |   -2.69e+004   |
|  917 |    6.91e+003   |
|  918 |    6.91e+003   |
|  919 |    8.22e+004   |
|  920 |   -1.30e+005   |
|  921 |   -3.95e+004   |
|  922 |    2.26e+004   |
|  923 |    2.97e+004   |
|  924 |   -4.68e+004   |
|  925 |    2.26e+004   |
|  926 |   -3.95e+004   |
|  927 |    1.44e+004   |
|  928 |    1.80e+004   |
|  929 |   -1.22e+004   |
|  930 |    9.57e+003   |
|  931 |    9.57e+003   |
|  932 |    3.65e+004   |
|  933 |   -8.57e+004   |
|  934 |   -2.85e+004   |
|  935 |    8.50e+003   |
|  936 |    3.19e+004   |
|  937 |   -4.46e+004   |
|  938 |    8.50e+003   |
|  939 |   -2.85e+004   |
|  940 |    1.82e+003   |
|  941 |    2.99e+003   |
|  942 |   -6.85e+002   |
|  943 |    1.78e+003   |
|  944 |    1.78e+003   |
|  945 |    4.82e+003   |
|  946 |   -1.88e+004   |
|  947 |   -5.33e+003   |
|  948 |   -8.11e+002   |
|  949 |    9.54e+003   |
|  950 |   -6.01e+003   |
|  951 |   -8.11e+002   |
|  952 |   -5.33e+003   |
|  953 |    1.93e+004   |
|  954 |    7.11e+004   |
|  955 |    2.82e+004   |
|  956 |    1.23e+004   |
|  957 |    1.23e+004   |
|  958 |   -1.24e+005   |
|  959 |    8.44e+004   |
|  960 |    3.84e+004   |
|  961 |   -2.49e+004   |
|  962 |   -3.97e+004   |
|  963 |   -5.03e+004   |
|  964 |   -2.49e+004   |
|  965 |    3.84e+004   |
|  966 |    6.86e+003   |
|  967 |    8.97e+003   |
|  968 |    8.97e+003   |
|  969 |   -1.31e+005   |
|  970 |    6.68e+004   |
|  971 |    1.48e+004   |
|  972 |   -4.28e+004   |
|  973 |   -1.88e+003   |
|  974 |   -1.24e+004   |
|  975 |   -4.28e+004   |
|  976 |    1.48e+004   |
|  977 |    3.92e+004   |
|  978 |    5.06e+004   |
|  979 |   -4.63e+004   |
|  980 |   -2.84e+004   |
|  981 |    9.43e+003   |
|  982 |    9.15e+003   |
|  983 |    9.15e+003   |
|  984 |   -1.24e+005   |
|  985 |    6.12e+004   |
|  986 |    1.65e+004   |
|  987 |   -3.77e+004   |
|  988 |   -6.24e+003   |
|  989 |   -1.68e+004   |
|  990 |   -3.77e+004   |
|  991 |    1.65e+004   |
|  992 |    4.59e+004   |
|  993 |   -2.81e+004   |
|  994 |    9.11e+003   |
|  995 |    9.14e+003   |
|  996 |    9.14e+003   |
|  997 |   -1.17e+005   |
|  998 |    5.50e+004   |
|  999 |    1.42e+004   |
| 1000 |   -3.64e+004   |
| 1001 |   -5.69e+003   |
| 1002 |   -1.63e+004   |
| 1003 |   -3.64e+004   |
| 1004 |    1.42e+004   |
| 1005 |    4.36e+004   |
| 1006 |   -2.53e+004   |
| 1007 |    9.15e+003   |
| 1008 |    9.14e+003   |
| 1009 |    9.14e+003   |
| 1010 |   -1.11e+005   |
| 1011 |    4.88e+004   |
| 1012 |    1.24e+004   |
| 1013 |   -3.45e+004   |
| 1014 |   -5.76e+003   |
| 1015 |   -1.63e+004   |
| 1016 |   -3.45e+004   |
| 1017 |    1.24e+004   |
| 1018 |    4.10e+004   |
| 1019 |   -2.27e+004   |
| 1020 |    9.14e+003   |
| 1021 |    9.14e+003   |
| 1022 |    9.14e+003   |
| 1023 |   -1.05e+005   |
| 1024 |    4.27e+004   |
| 1025 |    1.06e+004   |
| 1026 |   -3.27e+004   |
| 1027 |   -5.76e+003   |
| 1028 |   -1.63e+004   |
| 1029 |   -3.27e+004   |
| 1030 |    1.06e+004   |
| 1031 |    3.85e+004   |
| 1032 |   -2.02e+004   |
| 1033 |    9.15e+003   |
| 1034 |    9.14e+003   |
| 1035 |    9.14e+003   |
| 1036 |   -9.89e+004   |
| 1037 |    3.65e+004   |
| 1038 |    8.79e+003   |
| 1039 |   -3.09e+004   |
| 1040 |   -5.76e+003   |
| 1041 |   -1.63e+004   |
| 1042 |   -3.09e+004   |
| 1043 |    8.79e+003   |
| 1044 |    3.59e+004   |
| 1045 |   -1.76e+004   |
| 1046 |    9.12e+003   |
| 1047 |    9.14e+003   |
| 1048 |    9.14e+003   |
| 1049 |   -9.27e+004   |
| 1050 |    3.03e+004   |
| 1051 |    6.98e+003   |
| 1052 |   -2.90e+004   |
| 1053 |   -5.76e+003   |
| 1054 |   -1.63e+004   |
| 1055 |   -2.90e+004   |
| 1056 |    6.98e+003   |
| 1057 |    3.34e+004   |
| 1058 |   -1.50e+004   |
| 1059 |    9.30e+003   |
| 1060 |    9.15e+003   |
| 1061 |    9.15e+003   |
| 1062 |   -8.65e+004   |
| 1063 |    2.41e+004   |
| 1064 |    5.13e+003   |
| 1065 |   -2.73e+004   |
| 1066 |   -5.72e+003   |
| 1067 |   -1.63e+004   |
| 1068 |   -2.73e+004   |
| 1069 |    5.13e+003   |
| 1070 |    3.07e+004   |
| 1071 |   -1.27e+004   |
| 1072 |    7.86e+003   |
| 1073 |    9.02e+003   |
| 1074 |    9.02e+003   |
| 1075 |   -8.03e+004   |
| 1076 |    1.79e+004   |
| 1077 |    3.65e+003   |
| 1078 |   -2.53e+004   |
| 1079 |   -6.02e+003   |
| 1080 |   -1.66e+004   |
| 1081 |   -2.53e+004   |
| 1082 |    3.65e+003   |
| 1083 |    2.89e+004   |
| 1084 |   -8.53e+003   |
| 1085 |    2.01e+004   |
| 1086 |    1.14e+004   |
| 1087 |    1.14e+004   |
| 1088 |   -7.50e+004   |
| 1089 |    1.17e+004   |
| 1090 |   -5.96e+002   |
| 1091 |   -2.46e+004   |
| 1092 |   -3.55e+003   |
| 1093 |   -1.41e+004   |
| 1094 |   -2.46e+004   |
| 1095 |   -5.96e+002   |
| 1096 |    2.26e+004   |
| 1097 |   -1.72e+004   |
| 1098 |    1.45e+003   |
| 1099 |    2.67e+003   |
| 1100 |    2.67e+003   |
| 1101 |   -5.60e+004   |
| 1102 |    3.14e+004   |
| 1103 |    9.72e+003   |
| 1104 |   -1.87e+004   |
| 1105 |    3.48e+004   |
| 1106 |   -3.63e+004   |
| 1107 |   -1.87e+004   |
| 1108 |    9.72e+003   |
| 1109 |    1.45e+004   |
| 1110 |   -6.68e+003   |
| 1111 |    3.89e+003   |
| 1112 |    3.29e+003   |
| 1113 |    3.29e+003   |
| 1114 |   -1.35e+004   |
| 1115 |   -7.72e+003   |
| 1116 |   -2.94e+003   |
| 1117 |   -4.39e+003   |
| 1118 |    3.16e+004   |
| 1119 |   -3.96e+004   |
| 1120 |   -4.39e+003   |
| 1121 |   -2.94e+003   |
| 1122 |   -4.99e+003   |
| 1123 |    1.04e+004   |
| 1124 |   -2.77e+003   |
| 1125 |    6.34e+002   |
| 1126 |    6.34e+002   |
| 1127 |    2.85e+004   |
| 1128 |   -4.89e+004   |
| 1129 |   -1.50e+004   |
| 1130 |    8.16e+003   |
| 1131 |    3.08e+004   |
| 1132 |   -4.04e+004   |
| 1133 |    8.16e+003   |
| 1134 |   -1.50e+004   |
| 1135 |   -1.94e+004   |
| 1136 |    2.75e+004   |
| 1137 |   -2.02e+003   |
| 1138 |    7.86e+002   |
| 1139 |    7.86e+002   |
| 1140 |    6.23e+004   |
| 1141 |   -8.16e+004   |
| 1142 |   -2.45e+004   |
| 1143 |    1.87e+004   |
| 1144 |    1.54e+004   |
| 1145 |   -2.75e+004   |
| 1146 |    1.87e+004   |
| 1147 |   -2.45e+004   |
| 1148 |   -3.04e+004   |
| 1149 |    3.76e+004   |
| 1150 |   -2.75e+003   |
| 1151 |    6.35e+002   |
| 1152 |    6.35e+002   |
| 1153 |    7.91e+004   |
| 1154 |   -9.85e+004   |
| 1155 |   -2.95e+004   |
| 1156 |    2.36e+004   |
| 1157 |    1.27e+003   |
| 1158 |   -1.33e+004   |
| 1159 |    2.36e+004   |
| 1160 |   -2.95e+004   |
| 1161 |   -3.34e+004   |
| 1162 |    4.14e+004   |
| 1163 |    3.71e+003   |
| 1164 |    3.26e+003   |
| 1165 |    3.26e+003   |
| 1166 |    7.90e+004   |
| 1167 |   -9.94e+004   |
| 1168 |   -2.98e+004   |
| 1169 |    2.30e+004   |
| 1170 |   -1.17e+004   |
| 1171 |    1.98e+003   |
| 1172 |    2.30e+004   |
| 1173 |   -2.98e+004   |
| 1174 |   -3.27e+004   |
| 1175 |    3.83e+004   |
| 1176 |    3.06e+003   |
| 1177 |    3.12e+003   |
| 1178 |    3.12e+003   |
| 1179 |    7.07e+004   |
| 1180 |   -9.21e+004   |
| 1181 |   -2.77e+004   |
| 1182 |    2.00e+004   |
| 1183 |   -1.05e+004   |
| 1184 |    3.18e+003   |
| 1185 |    2.00e+004   |
| 1186 |   -2.77e+004   |
| 1187 |   -2.89e+004   |
| 1188 |    3.52e+004   |
| 1189 |    3.14e+003   |
| 1190 |    3.13e+003   |
| 1191 |    3.13e+003   |
| 1192 |    6.27e+004   |
| 1193 |   -8.40e+004   |
| 1194 |   -2.53e+004   |
| 1195 |    1.77e+004   |
| 1196 |   -1.06e+004   |
| 1197 |    3.05e+003   |
| 1198 |    1.77e+004   |
| 1199 |   -2.53e+004   |
| 1200 |   -2.56e+004   |
| 1201 |    3.18e+004   |
| 1202 |    3.13e+003   |
| 1203 |    3.13e+003   |
| 1204 |    3.13e+003   |
| 1205 |    5.47e+004   |
| 1206 |   -7.60e+004   |
| 1207 |   -2.29e+004   |
| 1208 |    1.54e+004   |
| 1209 |   -1.06e+004   |
| 1210 |    3.07e+003   |
| 1211 |    1.54e+004   |
| 1212 |   -2.29e+004   |
| 1213 |   -2.23e+004   |
| 1214 |    2.85e+004   |
| 1215 |    3.13e+003   |
| 1216 |    3.13e+003   |
| 1217 |    3.13e+003   |
| 1218 |    4.67e+004   |
| 1219 |   -6.80e+004   |
| 1220 |   -2.06e+004   |
| 1221 |    1.30e+004   |
| 1222 |   -1.06e+004   |
| 1223 |    3.06e+003   |
| 1224 |    1.30e+004   |
| 1225 |   -2.06e+004   |
| 1226 |   -1.90e+004   |
| 1227 |    2.52e+004   |
| 1228 |    3.13e+003   |
| 1229 |    3.13e+003   |
| 1230 |    3.13e+003   |
| 1231 |    3.86e+004   |
| 1232 |   -6.00e+004   |
| 1233 |   -1.82e+004   |
| 1234 |    1.07e+004   |
| 1235 |   -1.06e+004   |
| 1236 |    3.06e+003   |
| 1237 |    1.07e+004   |
| 1238 |   -1.82e+004   |
| 1239 |   -1.56e+004   |
| 1240 |    2.19e+004   |
| 1241 |    3.12e+003   |
| 1242 |    3.13e+003   |
| 1243 |    3.13e+003   |
| 1244 |    3.06e+004   |
| 1245 |   -5.20e+004   |
| 1246 |   -1.59e+004   |
| 1247 |    8.33e+003   |
| 1248 |   -1.06e+004   |
| 1249 |    3.06e+003   |
| 1250 |    8.33e+003   |
| 1251 |   -1.59e+004   |
| 1252 |   -1.23e+004   |
| 1253 |    1.86e+004   |
| 1254 |    3.17e+003   |
| 1255 |    3.13e+003   |
| 1256 |    3.13e+003   |
| 1257 |    2.26e+004   |
| 1258 |   -4.40e+004   |
| 1259 |   -1.35e+004   |
| 1260 |    5.97e+003   |
| 1261 |   -1.06e+004   |
| 1262 |    3.07e+003   |
| 1263 |    5.97e+003   |
| 1264 |   -1.35e+004   |
| 1265 |   -9.02e+003   |
| 1266 |    1.52e+004   |
| 1267 |    2.84e+003   |
| 1268 |    3.14e+003   |
| 1269 |    3.14e+003   |
| 1270 |    1.46e+004   |
| 1271 |   -3.60e+004   |
| 1272 |   -1.11e+004   |
| 1273 |    3.66e+003   |
| 1274 |   -1.07e+004   |
| 1275 |    3.00e+003   |
| 1276 |    3.66e+003   |
| 1277 |   -1.11e+004   |
| 1278 |   -5.59e+003   |
| 1279 |    1.25e+004   |
| 1280 |    5.13e+003   |
| 1281 |    2.90e+003   |
| 1282 |    2.90e+003   |
| 1283 |    6.41e+003   |
| 1284 |   -2.77e+004   |
| 1285 |   -9.68e+003   |
| 1286 |    1.10e+003   |
| 1287 |   -1.02e+004   |
| 1288 |    3.52e+003   |
| 1289 |    1.10e+003   |
| 1290 |   -9.68e+003   |
| 1291 |   -2.83e+003   |
| 1292 |    4.19e+003   |
| 1293 |    3.35e+004   |
| 1294 |    7.51e+004   |
------------------------- 

