================== Desplazamiento Lineal IETFEM v2.11 ===========================


Archivo de entrada: ../../input/3D/Truss_3D_sd/grua.txt  ... 

Tiempo en resolver: 1604.753 segundos

Tipo de problema: Truss 3D pequeñas deformaciones y desplazamientos

Magnitud de longitud: m 

Número de nodos: 289 

-------------------------------------------------------- 
                   Desplazamientos (m)                 
-------------------------------------------------------- 
| Nodo |       u_x     |       u_y     |       u_z     |
-------------------------------------------------------- 
|    1 |    0.00e+000  |    0.00e+000  |    0.00e+000  |
|    2 |    0.00e+000  |    0.00e+000  |    0.00e+000  |
|    3 |    1.62e-003  |   -4.57e-004  |   -2.07e-003  |
|    4 |    1.44e-003  |    2.79e-004  |    9.85e-004  |
|    5 |    6.29e-003  |   -4.14e-004  |   -4.27e-003  |
|    6 |    6.12e-003  |    2.45e-004  |    2.02e-003  |
|    7 |    1.42e-002  |   -4.18e-004  |   -6.45e-003  |
|    8 |    1.40e-002  |    2.49e-004  |    3.05e-003  |
|    9 |    2.53e-002  |   -4.17e-004  |   -8.64e-003  |
|   10 |    2.51e-002  |    2.48e-004  |    4.08e-003  |
|   11 |    3.96e-002  |   -4.17e-004  |   -1.08e-002  |
|   12 |    3.94e-002  |    2.48e-004  |    5.11e-003  |
|   13 |    5.72e-002  |   -4.17e-004  |   -1.30e-002  |
|   14 |    5.70e-002  |    2.48e-004  |    6.14e-003  |
|   15 |    7.79e-002  |   -4.17e-004  |   -1.52e-002  |
|   16 |    7.77e-002  |    2.48e-004  |    7.17e-003  |
|   17 |    1.02e-001  |   -4.17e-004  |   -1.74e-002  |
|   18 |    1.02e-001  |    2.48e-004  |    8.20e-003  |
|   19 |    1.29e-001  |   -4.17e-004  |   -1.96e-002  |
|   20 |    1.29e-001  |    2.48e-004  |    9.23e-003  |
|   21 |    1.59e-001  |   -4.17e-004  |   -2.17e-002  |
|   22 |    1.59e-001  |    2.48e-004  |    1.03e-002  |
|   23 |    1.93e-001  |   -4.17e-004  |   -2.39e-002  |
|   24 |    1.93e-001  |    2.48e-004  |    1.13e-002  |
|   25 |    2.30e-001  |   -4.17e-004  |   -2.61e-002  |
|   26 |    2.30e-001  |    2.48e-004  |    1.23e-002  |
|   27 |    2.70e-001  |   -4.17e-004  |   -2.83e-002  |
|   28 |    2.70e-001  |    2.48e-004  |    1.33e-002  |
|   29 |    3.13e-001  |   -4.17e-004  |   -3.05e-002  |
|   30 |    3.13e-001  |    2.48e-004  |    1.44e-002  |
|   31 |    3.60e-001  |   -4.17e-004  |   -3.27e-002  |
|   32 |    3.59e-001  |    2.48e-004  |    1.54e-002  |
|   33 |    4.09e-001  |   -4.17e-004  |   -3.49e-002  |
|   34 |    4.09e-001  |    2.48e-004  |    1.64e-002  |
|   35 |    4.62e-001  |   -4.17e-004  |   -3.70e-002  |
|   36 |    4.62e-001  |    2.48e-004  |    1.75e-002  |
|   37 |    5.18e-001  |   -4.17e-004  |   -3.92e-002  |
|   38 |    5.18e-001  |    2.48e-004  |    1.85e-002  |
|   39 |    5.78e-001  |   -4.17e-004  |   -4.14e-002  |
|   40 |    5.77e-001  |    2.48e-004  |    1.95e-002  |
|   41 |    6.40e-001  |   -4.17e-004  |   -4.36e-002  |
|   42 |    6.40e-001  |    2.48e-004  |    2.06e-002  |
|   43 |    7.06e-001  |   -4.17e-004  |   -4.58e-002  |
|   44 |    7.06e-001  |    2.48e-004  |    2.16e-002  |
|   45 |    7.75e-001  |   -4.18e-004  |   -4.80e-002  |
|   46 |    7.75e-001  |    2.48e-004  |    2.26e-002  |
|   47 |    8.47e-001  |   -4.17e-004  |   -5.01e-002  |
|   48 |    8.47e-001  |    2.49e-004  |    2.36e-002  |
|   49 |    9.22e-001  |   -4.23e-004  |   -5.23e-002  |
|   50 |    9.22e-001  |    2.42e-004  |    2.47e-002  |
|   51 |    1.00e+000  |   -3.85e-004  |   -5.45e-002  |
|   52 |    1.00e+000  |    2.89e-004  |    2.57e-002  |
|   53 |    1.08e+000  |   -5.45e-004  |   -5.66e-002  |
|   54 |    1.08e+000  |    4.95e-005  |    2.68e-002  |
|   55 |    1.17e+000  |   -1.55e-004  |   -5.83e-002  |
|   56 |    1.17e+000  |    2.82e-004  |    2.78e-002  |
|   57 |    1.26e+000  |   -3.38e-004  |   -6.00e-002  |
|   58 |    1.26e+000  |    1.90e-004  |    2.87e-002  |
|   59 |    1.35e+000  |   -2.67e-004  |   -6.15e-002  |
|   60 |    1.35e+000  |    1.70e-004  |    2.95e-002  |
|   61 |    1.44e+000  |   -2.35e-004  |   -6.28e-002  |
|   62 |    1.44e+000  |    1.30e-004  |    3.01e-002  |
|   63 |    1.17e+000  |    2.31e-004  |   -1.45e-001  |
|   64 |    1.08e+000  |   -1.96e-004  |   -1.45e-001  |
|   65 |    1.53e+000  |   -1.98e-004  |   -6.40e-002  |
|   66 |    1.53e+000  |    9.42e-005  |    3.06e-002  |
|   67 |    1.17e+000  |    1.42e-004  |   -2.34e-001  |
|   68 |    1.08e+000  |   -2.53e-004  |   -2.34e-001  |
|   69 |    1.17e+000  |    1.41e-004  |   -3.26e-001  |
|   70 |    1.08e+000  |   -2.29e-004  |   -3.26e-001  |
|   71 |    1.17e+000  |    1.26e-004  |   -4.19e-001  |
|   72 |    1.08e+000  |   -2.18e-004  |   -4.19e-001  |
|   73 |    1.17e+000  |    1.14e-004  |   -5.13e-001  |
|   74 |    1.08e+000  |   -2.05e-004  |   -5.14e-001  |
|   75 |    1.17e+000  |    1.01e-004  |   -6.10e-001  |
|   76 |    1.08e+000  |   -1.92e-004  |   -6.10e-001  |
|   77 |    1.17e+000  |    8.81e-005  |   -7.08e-001  |
|   78 |    1.07e+000  |   -1.79e-004  |   -7.08e-001  |
|   79 |    1.17e+000  |    7.51e-005  |   -8.07e-001  |
|   80 |    1.07e+000  |   -1.67e-004  |   -8.07e-001  |
|   81 |    1.17e+000  |    6.34e-005  |   -9.07e-001  |
|   82 |    1.07e+000  |   -1.53e-004  |   -9.07e-001  |
|   83 |    1.17e+000  |    4.27e-005  |   -1.01e+000  |
|   84 |    1.07e+000  |   -1.44e-004  |   -1.01e+000  |
|   85 |    1.17e+000  |    8.60e-005  |   -1.11e+000  |
|   86 |    1.07e+000  |   -1.13e-004  |   -1.11e+000  |
|   87 |    1.17e+000  |    3.34e-005  |   -1.21e+000  |
|   88 |    1.07e+000  |   -7.23e-005  |   -1.21e+000  |
|   89 |    1.17e+000  |   -5.18e-005  |   -1.32e+000  |
|   90 |    1.07e+000  |    2.50e-005  |   -1.32e+000  |
|   91 |    1.17e+000  |   -1.38e-004  |   -1.42e+000  |
|   92 |    1.07e+000  |    9.71e-005  |   -1.42e+000  |
|   93 |    1.17e+000  |   -1.88e-004  |   -1.52e+000  |
|   94 |    1.07e+000  |    1.52e-004  |   -1.52e+000  |
|   95 |    1.17e+000  |   -2.07e-004  |   -1.62e+000  |
|   96 |    1.07e+000  |    1.67e-004  |   -1.62e+000  |
|   97 |    1.17e+000  |   -1.92e-004  |   -1.72e+000  |
|   98 |    1.07e+000  |    1.63e-004  |   -1.72e+000  |
|   99 |    1.17e+000  |   -1.76e-004  |   -1.82e+000  |
|  100 |    1.07e+000  |    1.44e-004  |   -1.82e+000  |
|  101 |    1.17e+000  |   -1.59e-004  |   -1.91e+000  |
|  102 |    1.07e+000  |    1.28e-004  |   -1.91e+000  |
|  103 |    1.17e+000  |   -1.43e-004  |   -2.01e+000  |
|  104 |    1.07e+000  |    1.11e-004  |   -2.01e+000  |
|  105 |    1.17e+000  |   -1.26e-004  |   -2.10e+000  |
|  106 |    1.08e+000  |    9.48e-005  |   -2.10e+000  |
|  107 |    1.17e+000  |   -1.09e-004  |   -2.19e+000  |
|  108 |    1.08e+000  |    7.82e-005  |   -2.19e+000  |
|  109 |    1.17e+000  |   -9.29e-005  |   -2.28e+000  |
|  110 |    1.08e+000  |    6.16e-005  |   -2.28e+000  |
|  111 |    1.17e+000  |   -7.60e-005  |   -2.37e+000  |
|  112 |    1.08e+000  |    4.51e-005  |   -2.37e+000  |
|  113 |    1.17e+000  |   -6.23e-005  |   -2.46e+000  |
|  114 |    1.08e+000  |    2.79e-005  |   -2.46e+000  |
|  115 |    1.16e+000  |   -2.09e-005  |   -2.55e+000  |
|  116 |    1.08e+000  |    1.42e-005  |   -2.55e+000  |
|  117 |    1.18e+000  |   -9.11e-006  |    1.04e+000  |
|  118 |    1.18e+000  |   -7.22e-005  |    9.37e-001  |
|  119 |    1.08e+000  |    6.10e-005  |    9.37e-001  |
|  120 |    1.08e+000  |    3.42e-006  |    1.04e+000  |
|  121 |    1.18e+000  |   -2.16e-004  |    8.34e-001  |
|  122 |    1.08e+000  |    1.34e-004  |    8.34e-001  |
|  123 |    1.18e+000  |   -2.99e-004  |    7.33e-001  |
|  124 |    1.08e+000  |    2.36e-004  |    7.33e-001  |
|  125 |    1.18e+000  |   -3.91e-004  |    6.34e-001  |
|  126 |    1.08e+000  |    3.04e-004  |    6.34e-001  |
|  127 |    1.17e+000  |   -4.17e-004  |    5.39e-001  |
|  128 |    1.08e+000  |    3.37e-004  |    5.39e-001  |
|  129 |    1.17e+000  |   -3.82e-004  |    4.48e-001  |
|  130 |    1.08e+000  |    2.95e-004  |    4.48e-001  |
|  131 |    1.17e+000  |   -2.82e-004  |    3.61e-001  |
|  132 |    1.08e+000  |    2.18e-004  |    3.61e-001  |
|  133 |    1.17e+000  |   -1.84e-004  |    2.77e-001  |
|  134 |    1.08e+000  |    1.11e-004  |    2.77e-001  |
|  135 |    1.17e+000  |   -7.62e-005  |    1.93e-001  |
|  136 |    1.08e+000  |    1.66e-005  |    1.93e-001  |
|  137 |    1.17e+000  |   -1.24e-005  |    1.11e-001  |
|  138 |    1.08e+000  |   -1.32e-004  |    1.11e-001  |
|  139 |    1.63e+000  |   -1.62e-004  |   -6.50e-002  |
|  140 |    1.63e+000  |    5.79e-005  |    3.08e-002  |
|  141 |    1.72e+000  |   -1.18e-004  |   -6.57e-002  |
|  142 |    1.72e+000  |    1.96e-005  |    3.09e-002  |
|  143 |    1.82e+000  |   -1.77e-004  |   -6.64e-002  |
|  144 |    1.82e+000  |   -2.52e-005  |    3.08e-002  |
|  145 |    1.92e+000  |    9.89e-012  |   -1.89e-002  |
|  146 |    0.00e+000  |    0.00e+000  |    0.00e+000  |
|  147 |    0.00e+000  |    0.00e+000  |    0.00e+000  |
|  148 |    1.62e-003  |    4.57e-004  |   -2.07e-003  |
|  149 |    1.44e-003  |   -2.79e-004  |    9.85e-004  |
|  150 |    6.29e-003  |    4.14e-004  |   -4.27e-003  |
|  151 |    6.12e-003  |   -2.45e-004  |    2.02e-003  |
|  152 |    1.42e-002  |    4.18e-004  |   -6.45e-003  |
|  153 |    1.40e-002  |   -2.49e-004  |    3.05e-003  |
|  154 |    2.53e-002  |    4.17e-004  |   -8.64e-003  |
|  155 |    2.51e-002  |   -2.48e-004  |    4.08e-003  |
|  156 |    3.96e-002  |    4.17e-004  |   -1.08e-002  |
|  157 |    3.94e-002  |   -2.48e-004  |    5.11e-003  |
|  158 |    5.72e-002  |    4.17e-004  |   -1.30e-002  |
|  159 |    5.70e-002  |   -2.48e-004  |    6.14e-003  |
|  160 |    7.79e-002  |    4.17e-004  |   -1.52e-002  |
|  161 |    7.77e-002  |   -2.48e-004  |    7.17e-003  |
|  162 |    1.02e-001  |    4.17e-004  |   -1.74e-002  |
|  163 |    1.02e-001  |   -2.48e-004  |    8.20e-003  |
|  164 |    1.29e-001  |    4.17e-004  |   -1.96e-002  |
|  165 |    1.29e-001  |   -2.48e-004  |    9.23e-003  |
|  166 |    1.59e-001  |    4.17e-004  |   -2.17e-002  |
|  167 |    1.59e-001  |   -2.48e-004  |    1.03e-002  |
|  168 |    1.93e-001  |    4.17e-004  |   -2.39e-002  |
|  169 |    1.93e-001  |   -2.48e-004  |    1.13e-002  |
|  170 |    2.30e-001  |    4.17e-004  |   -2.61e-002  |
|  171 |    2.30e-001  |   -2.48e-004  |    1.23e-002  |
|  172 |    2.70e-001  |    4.17e-004  |   -2.83e-002  |
|  173 |    2.70e-001  |   -2.48e-004  |    1.33e-002  |
|  174 |    3.13e-001  |    4.17e-004  |   -3.05e-002  |
|  175 |    3.13e-001  |   -2.48e-004  |    1.44e-002  |
|  176 |    3.60e-001  |    4.17e-004  |   -3.27e-002  |
|  177 |    3.59e-001  |   -2.48e-004  |    1.54e-002  |
|  178 |    4.09e-001  |    4.17e-004  |   -3.49e-002  |
|  179 |    4.09e-001  |   -2.48e-004  |    1.64e-002  |
|  180 |    4.62e-001  |    4.17e-004  |   -3.70e-002  |
|  181 |    4.62e-001  |   -2.48e-004  |    1.75e-002  |
|  182 |    5.18e-001  |    4.17e-004  |   -3.92e-002  |
|  183 |    5.18e-001  |   -2.48e-004  |    1.85e-002  |
|  184 |    5.78e-001  |    4.17e-004  |   -4.14e-002  |
|  185 |    5.77e-001  |   -2.48e-004  |    1.95e-002  |
|  186 |    6.40e-001  |    4.17e-004  |   -4.36e-002  |
|  187 |    6.40e-001  |   -2.48e-004  |    2.06e-002  |
|  188 |    7.06e-001  |    4.17e-004  |   -4.58e-002  |
|  189 |    7.06e-001  |   -2.48e-004  |    2.16e-002  |
|  190 |    7.75e-001  |    4.18e-004  |   -4.80e-002  |
|  191 |    7.75e-001  |   -2.48e-004  |    2.26e-002  |
|  192 |    8.47e-001  |    4.17e-004  |   -5.01e-002  |
|  193 |    8.47e-001  |   -2.49e-004  |    2.36e-002  |
|  194 |    9.22e-001  |    4.23e-004  |   -5.23e-002  |
|  195 |    9.22e-001  |   -2.42e-004  |    2.47e-002  |
|  196 |    1.00e+000  |    3.85e-004  |   -5.45e-002  |
|  197 |    1.00e+000  |   -2.89e-004  |    2.57e-002  |
|  198 |    1.08e+000  |    5.45e-004  |   -5.66e-002  |
|  199 |    1.08e+000  |   -4.95e-005  |    2.68e-002  |
|  200 |    1.17e+000  |    1.55e-004  |   -5.83e-002  |
|  201 |    1.17e+000  |   -2.82e-004  |    2.78e-002  |
|  202 |    1.26e+000  |    3.38e-004  |   -6.00e-002  |
|  203 |    1.26e+000  |   -1.90e-004  |    2.87e-002  |
|  204 |    1.35e+000  |    2.67e-004  |   -6.15e-002  |
|  205 |    1.35e+000  |   -1.70e-004  |    2.95e-002  |
|  206 |    1.44e+000  |    2.35e-004  |   -6.28e-002  |
|  207 |    1.44e+000  |   -1.30e-004  |    3.01e-002  |
|  208 |    1.53e+000  |    1.98e-004  |   -6.40e-002  |
|  209 |    1.53e+000  |   -9.42e-005  |    3.06e-002  |
|  210 |    1.63e+000  |    1.62e-004  |   -6.50e-002  |
|  211 |    1.63e+000  |   -5.79e-005  |    3.08e-002  |
|  212 |    1.72e+000  |    1.18e-004  |   -6.57e-002  |
|  213 |    1.72e+000  |   -1.96e-005  |    3.09e-002  |
|  214 |    1.82e+000  |    1.77e-004  |   -6.64e-002  |
|  215 |    1.82e+000  |    2.52e-005  |    3.08e-002  |
|  216 |    1.17e+000  |    1.24e-005  |    1.11e-001  |
|  217 |    1.08e+000  |    1.32e-004  |    1.11e-001  |
|  218 |    1.17e+000  |    7.62e-005  |    1.93e-001  |
|  219 |    1.08e+000  |   -1.66e-005  |    1.93e-001  |
|  220 |    1.17e+000  |    1.84e-004  |    2.77e-001  |
|  221 |    1.08e+000  |   -1.11e-004  |    2.77e-001  |
|  222 |    1.17e+000  |    2.82e-004  |    3.61e-001  |
|  223 |    1.08e+000  |   -2.18e-004  |    3.61e-001  |
|  224 |    1.17e+000  |    3.82e-004  |    4.48e-001  |
|  225 |    1.08e+000  |   -2.95e-004  |    4.48e-001  |
|  226 |    1.17e+000  |    4.17e-004  |    5.39e-001  |
|  227 |    1.08e+000  |   -3.37e-004  |    5.39e-001  |
|  228 |    1.18e+000  |    3.91e-004  |    6.34e-001  |
|  229 |    1.08e+000  |   -3.04e-004  |    6.34e-001  |
|  230 |    1.18e+000  |    2.99e-004  |    7.33e-001  |
|  231 |    1.08e+000  |   -2.36e-004  |    7.33e-001  |
|  232 |    1.18e+000  |    2.16e-004  |    8.34e-001  |
|  233 |    1.08e+000  |   -1.34e-004  |    8.34e-001  |
|  234 |    1.18e+000  |    7.22e-005  |    9.37e-001  |
|  235 |    1.08e+000  |   -6.10e-005  |    9.37e-001  |
|  236 |    1.18e+000  |    9.11e-006  |    1.04e+000  |
|  237 |    1.08e+000  |   -3.42e-006  |    1.04e+000  |
|  238 |    1.08e+000  |    1.96e-004  |   -1.45e-001  |
|  239 |    1.17e+000  |   -2.31e-004  |   -1.45e-001  |
|  240 |    1.08e+000  |    2.53e-004  |   -2.34e-001  |
|  241 |    1.17e+000  |   -1.42e-004  |   -2.34e-001  |
|  242 |    1.08e+000  |    2.29e-004  |   -3.26e-001  |
|  243 |    1.17e+000  |   -1.41e-004  |   -3.26e-001  |
|  244 |    1.08e+000  |    2.18e-004  |   -4.19e-001  |
|  245 |    1.17e+000  |   -1.26e-004  |   -4.19e-001  |
|  246 |    1.08e+000  |    2.05e-004  |   -5.14e-001  |
|  247 |    1.17e+000  |   -1.14e-004  |   -5.13e-001  |
|  248 |    1.08e+000  |    1.92e-004  |   -6.10e-001  |
|  249 |    1.17e+000  |   -1.01e-004  |   -6.10e-001  |
|  250 |    1.07e+000  |    1.79e-004  |   -7.08e-001  |
|  251 |    1.17e+000  |   -8.81e-005  |   -7.08e-001  |
|  252 |    1.07e+000  |    1.67e-004  |   -8.07e-001  |
|  253 |    1.17e+000  |   -7.51e-005  |   -8.07e-001  |
|  254 |    1.07e+000  |    1.53e-004  |   -9.07e-001  |
|  255 |    1.17e+000  |   -6.34e-005  |   -9.07e-001  |
|  256 |    1.07e+000  |    1.44e-004  |   -1.01e+000  |
|  257 |    1.17e+000  |   -4.27e-005  |   -1.01e+000  |
|  258 |    1.07e+000  |    1.13e-004  |   -1.11e+000  |
|  259 |    1.17e+000  |   -8.60e-005  |   -1.11e+000  |
|  260 |    1.07e+000  |    7.23e-005  |   -1.21e+000  |
|  261 |    1.17e+000  |   -3.34e-005  |   -1.21e+000  |
|  262 |    1.07e+000  |   -2.50e-005  |   -1.32e+000  |
|  263 |    1.17e+000  |    5.18e-005  |   -1.32e+000  |
|  264 |    1.07e+000  |   -9.71e-005  |   -1.42e+000  |
|  265 |    1.17e+000  |    1.38e-004  |   -1.42e+000  |
|  266 |    1.07e+000  |   -1.52e-004  |   -1.52e+000  |
|  267 |    1.17e+000  |    1.88e-004  |   -1.52e+000  |
|  268 |    1.07e+000  |   -1.67e-004  |   -1.62e+000  |
|  269 |    1.17e+000  |    2.07e-004  |   -1.62e+000  |
|  270 |    1.07e+000  |   -1.63e-004  |   -1.72e+000  |
|  271 |    1.17e+000  |    1.92e-004  |   -1.72e+000  |
|  272 |    1.07e+000  |   -1.44e-004  |   -1.82e+000  |
|  273 |    1.17e+000  |    1.76e-004  |   -1.82e+000  |
|  274 |    1.07e+000  |   -1.28e-004  |   -1.91e+000  |
|  275 |    1.17e+000  |    1.59e-004  |   -1.91e+000  |
|  276 |    1.07e+000  |   -1.11e-004  |   -2.01e+000  |
|  277 |    1.17e+000  |    1.43e-004  |   -2.01e+000  |
|  278 |    1.08e+000  |   -9.48e-005  |   -2.10e+000  |
|  279 |    1.17e+000  |    1.26e-004  |   -2.10e+000  |
|  280 |    1.08e+000  |   -7.82e-005  |   -2.19e+000  |
|  281 |    1.17e+000  |    1.09e-004  |   -2.19e+000  |
|  282 |    1.08e+000  |   -6.16e-005  |   -2.28e+000  |
|  283 |    1.17e+000  |    9.29e-005  |   -2.28e+000  |
|  284 |    1.08e+000  |   -4.51e-005  |   -2.37e+000  |
|  285 |    1.17e+000  |    7.60e-005  |   -2.37e+000  |
|  286 |    1.08e+000  |   -2.79e-005  |   -2.46e+000  |
|  287 |    1.17e+000  |    6.23e-005  |   -2.46e+000  |
|  288 |    1.08e+000  |   -1.42e-005  |   -2.55e+000  |
|  289 |    1.16e+000  |    2.09e-005  |   -2.55e+000  |
-------------------------------------------------------- 

