================== Deformación Lineal IETFEM v2.11 ===========================


Archivo de entrada: ../../input/3D/Truss_3D_sd/grua.txt  ... 

Tiempo en resolver: 1604.753 

Tipo de problema: Truss 3D pequeñas deformaciones y desplazamientos

Número de elementos: 1294 


Deformación con análisis lineal: 

---------------------------------- 
| Elemento |     Deformación     | 
---------------------------------- 
|        1 |       0.00e+000     | 
|        2 |      -1.04e-003     | 
|        3 |       8.92e-005     | 
|        4 |       4.93e-004     | 
|        5 |      -1.14e-004     | 
|        6 |      -1.14e-004     | 
|        7 |      -1.10e-003     | 
|        8 |       8.43e-005     | 
|        9 |       5.18e-004     | 
|       10 |      -1.01e-004     | 
|       11 |      -1.01e-004     | 
|       12 |      -1.09e-003     | 
|       13 |       8.46e-005     | 
|       14 |       5.14e-004     | 
|       15 |      -1.02e-004     | 
|       16 |      -1.02e-004     | 
|       17 |      -1.09e-003     | 
|       18 |       8.46e-005     | 
|       19 |       5.15e-004     | 
|       20 |      -1.02e-004     | 
|       21 |      -1.02e-004     | 
|       22 |      -1.09e-003     | 
|       23 |       8.46e-005     | 
|       24 |       5.15e-004     | 
|       25 |      -1.02e-004     | 
|       26 |      -1.02e-004     | 
|       27 |      -1.09e-003     | 
|       28 |       8.46e-005     | 
|       29 |       5.15e-004     | 
|       30 |      -1.02e-004     | 
|       31 |      -1.02e-004     | 
|       32 |      -1.09e-003     | 
|       33 |       8.46e-005     | 
|       34 |       5.15e-004     | 
|       35 |      -1.02e-004     | 
|       36 |      -1.02e-004     | 
|       37 |      -1.09e-003     | 
|       38 |       8.46e-005     | 
|       39 |       5.15e-004     | 
|       40 |      -1.02e-004     | 
|       41 |      -1.02e-004     | 
|       42 |      -1.09e-003     | 
|       43 |       8.46e-005     | 
|       44 |       5.15e-004     | 
|       45 |      -1.02e-004     | 
|       46 |      -1.02e-004     | 
|       47 |      -1.09e-003     | 
|       48 |       8.46e-005     | 
|       49 |       5.15e-004     | 
|       50 |      -1.02e-004     | 
|       51 |      -1.02e-004     | 
|       52 |      -1.09e-003     | 
|       53 |       8.46e-005     | 
|       54 |       5.15e-004     | 
|       55 |      -1.02e-004     | 
|       56 |      -1.02e-004     | 
|       57 |      -1.09e-003     | 
|       58 |       8.46e-005     | 
|       59 |       5.15e-004     | 
|       60 |      -1.02e-004     | 
|       61 |      -1.02e-004     | 
|       62 |      -1.09e-003     | 
|       63 |       8.46e-005     | 
|       64 |       5.15e-004     | 
|       65 |      -1.02e-004     | 
|       66 |      -1.02e-004     | 
|       67 |      -1.09e-003     | 
|       68 |       8.46e-005     | 
|       69 |       5.15e-004     | 
|       70 |      -1.02e-004     | 
|       71 |      -1.02e-004     | 
|       72 |      -1.09e-003     | 
|       73 |       8.46e-005     | 
|       74 |       5.15e-004     | 
|       75 |      -1.02e-004     | 
|       76 |      -1.02e-004     | 
|       77 |      -1.09e-003     | 
|       78 |       8.46e-005     | 
|       79 |       5.15e-004     | 
|       80 |      -1.02e-004     | 
|       81 |      -1.02e-004     | 
|       82 |      -1.09e-003     | 
|       83 |       8.46e-005     | 
|       84 |       5.15e-004     | 
|       85 |      -1.02e-004     | 
|       86 |      -1.02e-004     | 
|       87 |      -1.09e-003     | 
|       88 |       8.46e-005     | 
|       89 |       5.15e-004     | 
|       90 |      -1.02e-004     | 
|       91 |      -1.02e-004     | 
|       92 |      -1.09e-003     | 
|       93 |       8.46e-005     | 
|       94 |       5.15e-004     | 
|       95 |      -1.02e-004     | 
|       96 |      -1.02e-004     | 
|       97 |      -1.09e-003     | 
|       98 |       8.46e-005     | 
|       99 |       5.15e-004     | 
|      100 |      -1.02e-004     | 
|      101 |      -1.02e-004     | 
|      102 |      -1.09e-003     | 
|      103 |       8.46e-005     | 
|      104 |       5.15e-004     | 
|      105 |      -1.02e-004     | 
|      106 |      -1.02e-004     | 
|      107 |      -1.09e-003     | 
|      108 |       8.45e-005     | 
|      109 |       5.15e-004     | 
|      110 |      -1.02e-004     | 
|      111 |      -1.02e-004     | 
|      112 |      -1.09e-003     | 
|      113 |       8.54e-005     | 
|      114 |       5.15e-004     | 
|      115 |      -1.02e-004     | 
|      116 |      -1.02e-004     | 
|      117 |      -1.09e-003     | 
|      118 |       7.78e-005     | 
|      119 |       5.15e-004     | 
|      120 |      -1.04e-004     | 
|      121 |      -1.04e-004     | 
|      122 |      -1.09e-003     | 
|      123 |       1.42e-004     | 
|      124 |       5.13e-004     | 
|      125 |      -9.05e-005     | 
|      126 |      -9.05e-005     | 
|      127 |      -1.05e-003     | 
|      128 |      -4.59e-004     | 
|      129 |       5.48e-004     | 
|      130 |      -2.05e-004     | 
|      131 |      -2.05e-004     | 
|      132 |      -8.44e-004     | 
|      133 |       3.38e-004     | 
|      134 |       4.95e-004     | 
|      135 |       5.70e-005     | 
|      136 |      -2.92e-004     | 
|      137 |      -8.48e-004     | 
|      138 |       2.07e-005     | 
|      139 |       4.59e-004     | 
|      140 |       6.79e-005     | 
|      141 |      -8.28e-005     | 
|      142 |      -7.51e-004     | 
|      143 |       5.58e-005     | 
|      144 |       3.98e-004     | 
|      145 |       6.10e-006     | 
|      146 |      -1.45e-004     | 
|      147 |      -6.63e-004     | 
|      148 |       5.16e-005     | 
|      149 |       3.08e-004     | 
|      150 |       1.33e-005     | 
|      151 |      -1.37e-004     | 
|      152 |       4.22e-004     | 
|      153 |       1.41e-004     | 
|      154 |      -6.19e-004     | 
|      155 |      -2.52e-004     | 
|      156 |      -1.99e-004     | 
|      157 |      -5.75e-004     | 
|      158 |       5.21e-005     | 
|      159 |       2.20e-004     | 
|      160 |       1.24e-005     | 
|      161 |      -1.38e-004     | 
|      162 |       3.34e-004     | 
|      163 |       3.43e-005     | 
|      164 |      -6.53e-004     | 
|      165 |      -6.22e-005     | 
|      166 |      -9.38e-006     | 
|      167 |       3.06e-004     | 
|      168 |       4.72e-005     | 
|      169 |      -6.18e-004     | 
|      170 |      -8.40e-005     | 
|      171 |      -3.12e-005     | 
|      172 |       2.75e-004     | 
|      173 |       4.55e-005     | 
|      174 |      -5.87e-004     | 
|      175 |      -8.13e-005     | 
|      176 |      -2.85e-005     | 
|      177 |       2.44e-004     | 
|      178 |       4.57e-005     | 
|      179 |      -5.56e-004     | 
|      180 |      -8.16e-005     | 
|      181 |      -2.88e-005     | 
|      182 |       2.13e-004     | 
|      183 |       4.57e-005     | 
|      184 |      -5.25e-004     | 
|      185 |      -8.16e-005     | 
|      186 |      -2.88e-005     | 
|      187 |       1.82e-004     | 
|      188 |       4.57e-005     | 
|      189 |      -4.95e-004     | 
|      190 |      -8.16e-005     | 
|      191 |      -2.88e-005     | 
|      192 |       1.51e-004     | 
|      193 |       4.56e-005     | 
|      194 |      -4.64e-004     | 
|      195 |      -8.16e-005     | 
|      196 |      -2.88e-005     | 
|      197 |       1.21e-004     | 
|      198 |       4.65e-005     | 
|      199 |      -4.33e-004     | 
|      200 |      -8.14e-005     | 
|      201 |      -2.86e-005     | 
|      202 |       8.95e-005     | 
|      203 |       3.93e-005     | 
|      204 |      -4.01e-004     | 
|      205 |      -8.29e-005     | 
|      206 |      -3.01e-005     | 
|      207 |       5.84e-005     | 
|      208 |       1.01e-004     | 
|      209 |      -3.75e-004     | 
|      210 |      -7.06e-005     | 
|      211 |      -1.78e-005     | 
|      212 |       1.57e-004     | 
|      213 |       7.26e-006     | 
|      214 |      -2.80e-004     | 
|      215 |      -1.82e-004     | 
|      216 |       1.74e-004     | 
|      217 |      -3.86e-005     | 
|      218 |       1.95e-005     | 
|      219 |      -6.76e-005     | 
|      220 |      -1.98e-004     | 
|      221 |       1.58e-004     | 
|      222 |      -2.45e-004     | 
|      223 |      -1.39e-005     | 
|      224 |       1.43e-004     | 
|      225 |      -2.02e-004     | 
|      226 |       1.54e-004     | 
|      227 |      -4.08e-004     | 
|      228 |      -1.01e-005     | 
|      229 |       3.11e-004     | 
|      230 |      -1.37e-004     | 
|      231 |       7.70e-005     | 
|      232 |      -4.92e-004     | 
|      233 |      -1.38e-005     | 
|      234 |       3.96e-004     | 
|      235 |      -6.67e-005     | 
|      236 |       6.36e-006     | 
|      237 |      -4.97e-004     | 
|      238 |       1.86e-005     | 
|      239 |       3.95e-004     | 
|      240 |       9.92e-006     | 
|      241 |      -5.85e-005     | 
|      242 |      -4.60e-004     | 
|      243 |       1.53e-005     | 
|      244 |       3.53e-004     | 
|      245 |       1.59e-005     | 
|      246 |      -5.25e-005     | 
|      247 |      -4.20e-004     | 
|      248 |       1.57e-005     | 
|      249 |       3.13e-004     | 
|      250 |       1.52e-005     | 
|      251 |      -5.31e-005     | 
|      252 |      -3.80e-004     | 
|      253 |       1.56e-005     | 
|      254 |       2.73e-004     | 
|      255 |       1.53e-005     | 
|      256 |      -5.31e-005     | 
|      257 |      -3.40e-004     | 
|      258 |       1.56e-005     | 
|      259 |       2.33e-004     | 
|      260 |       1.53e-005     | 
|      261 |      -5.31e-005     | 
|      262 |      -3.00e-004     | 
|      263 |       1.56e-005     | 
|      264 |       1.93e-004     | 
|      265 |       1.53e-005     | 
|      266 |      -5.31e-005     | 
|      267 |      -2.60e-004     | 
|      268 |       1.56e-005     | 
|      269 |       1.53e-004     | 
|      270 |       1.53e-005     | 
|      271 |      -5.31e-005     | 
|      272 |      -2.20e-004     | 
|      273 |       1.58e-005     | 
|      274 |       1.13e-004     | 
|      275 |       1.54e-005     | 
|      276 |      -5.30e-005     | 
|      277 |      -1.80e-004     | 
|      278 |       1.42e-005     | 
|      279 |       7.32e-005     | 
|      280 |       1.50e-005     | 
|      281 |      -5.34e-005     | 
|      282 |      -1.38e-004     | 
|      283 |       2.57e-005     | 
|      284 |       3.20e-005     | 
|      285 |       1.76e-005     | 
|      286 |      -5.08e-005     | 
|      287 |      -9.39e-005     | 
|      288 |       9.01e-005     | 
|      289 |       2.41e-005     | 
|      290 |      -3.00e-005     | 
|      291 |       4.77e-005     | 
|      292 |      -4.29e-004     | 
|      293 |       2.84e-005     | 
|      294 |       1.83e-004     | 
|      295 |      -2.23e-004     | 
|      296 |       1.59e-004     | 
|      297 |      -6.52e-004     | 
|      298 |       4.16e-005     | 
|      299 |       4.11e-004     | 
|      300 |      -2.34e-004     | 
|      301 |       1.48e-004     | 
|      302 |      -8.70e-004     | 
|      303 |      -2.03e-005     | 
|      304 |       6.38e-004     | 
|      305 |      -2.44e-004     | 
|      306 |       1.39e-004     | 
|      307 |      -1.01e-003     | 
|      308 |      -1.33e-005     | 
|      309 |       7.87e-004     | 
|      310 |      -1.22e-004     | 
|      311 |      -6.23e-006     | 
|      312 |      -9.99e-004     | 
|      313 |      -2.02e-005     | 
|      314 |       7.76e-004     | 
|      315 |       1.18e-005     | 
|      316 |      -1.40e-004     | 
|      317 |      -8.38e-004     | 
|      318 |       4.09e-005     | 
|      319 |       6.06e-004     | 
|      320 |       1.56e-004     | 
|      321 |      -2.62e-004     | 
|      322 |      -5.99e-004     | 
|      323 |       3.39e-005     | 
|      324 |       3.58e-004     | 
|      325 |       1.67e-004     | 
|      326 |      -2.51e-004     | 
|      327 |      -3.54e-004     | 
|      328 |       4.16e-005     | 
|      329 |       1.13e-004     | 
|      330 |       1.68e-004     | 
|      331 |      -2.51e-004     | 
|      332 |      -1.07e-004     | 
|      333 |      -1.56e-005     | 
|      334 |      -1.31e-004     | 
|      335 |       1.56e-004     | 
|      336 |      -2.62e-004     | 
|      337 |       1.06e-004     | 
|      338 |      -3.98e-004     | 
|      339 |       2.56e-004     | 
|      340 |      -1.62e-004     | 
|      341 |       1.50e-005     | 
|      342 |      -4.87e-004     | 
|      343 |       5.22e-005     | 
|      344 |       1.31e-004     | 
|      345 |       1.26e-005     | 
|      346 |      -1.38e-004     | 
|      347 |      -3.97e-004     | 
|      348 |       4.94e-005     | 
|      349 |       4.31e-005     | 
|      350 |       1.22e-005     | 
|      351 |      -1.39e-004     | 
|      352 |      -3.24e-004     | 
|      353 |       1.01e-004     | 
|      354 |      -5.03e-005     | 
|      355 |       1.93e-005     | 
|      356 |      -1.31e-004     | 
|      357 |       9.63e-005     | 
|      358 |       3.56e-004     | 
|      359 |       3.76e-004     | 
|      360 |       1.67e-004     | 
|      361 |       0.00e+000     | 
|      362 |       0.00e+000     | 
|      363 |       0.00e+000     | 
|      364 |      -1.04e-003     | 
|      365 |       4.57e-004     | 
|      366 |       4.93e-004     | 
|      367 |      -2.79e-004     | 
|      368 |       8.92e-005     | 
|      369 |       1.77e-004     | 
|      370 |       1.77e-004     | 
|      371 |      -1.14e-004     | 
|      372 |      -1.14e-004     | 
|      373 |      -4.04e-004     | 
|      374 |      -4.04e-004     | 
|      375 |       8.92e-005     | 
|      376 |       8.92e-005     | 
|      377 |      -1.10e-003     | 
|      378 |       4.14e-004     | 
|      379 |       5.18e-004     | 
|      380 |      -2.45e-004     | 
|      381 |       8.43e-005     | 
|      382 |       1.28e-004     | 
|      383 |       1.28e-004     | 
|      384 |      -1.01e-004     | 
|      385 |      -1.01e-004     | 
|      386 |      -3.31e-004     | 
|      387 |      -3.31e-004     | 
|      388 |       8.43e-005     | 
|      389 |       8.43e-005     | 
|      390 |      -1.09e-003     | 
|      391 |       4.18e-004     | 
|      392 |       5.14e-004     | 
|      393 |      -2.49e-004     | 
|      394 |       8.46e-005     | 
|      395 |       1.34e-004     | 
|      396 |       1.34e-004     | 
|      397 |      -1.02e-004     | 
|      398 |      -1.02e-004     | 
|      399 |      -3.38e-004     | 
|      400 |      -3.38e-004     | 
|      401 |       8.46e-005     | 
|      402 |       8.46e-005     | 
|      403 |      -1.09e-003     | 
|      404 |       4.17e-004     | 
|      405 |       5.15e-004     | 
|      406 |      -2.48e-004     | 
|      407 |       8.46e-005     | 
|      408 |       1.33e-004     | 
|      409 |       1.33e-004     | 
|      410 |      -1.02e-004     | 
|      411 |      -1.02e-004     | 
|      412 |      -3.37e-004     | 
|      413 |      -3.37e-004     | 
|      414 |       8.46e-005     | 
|      415 |       8.46e-005     | 
|      416 |      -1.09e-003     | 
|      417 |       4.17e-004     | 
|      418 |       5.15e-004     | 
|      419 |      -2.48e-004     | 
|      420 |       8.46e-005     | 
|      421 |       1.33e-004     | 
|      422 |       1.33e-004     | 
|      423 |      -1.02e-004     | 
|      424 |      -1.02e-004     | 
|      425 |      -3.37e-004     | 
|      426 |      -3.37e-004     | 
|      427 |       8.46e-005     | 
|      428 |       8.46e-005     | 
|      429 |      -1.09e-003     | 
|      430 |       4.17e-004     | 
|      431 |       5.15e-004     | 
|      432 |      -2.48e-004     | 
|      433 |       8.46e-005     | 
|      434 |       1.33e-004     | 
|      435 |       1.33e-004     | 
|      436 |      -1.02e-004     | 
|      437 |      -1.02e-004     | 
|      438 |      -3.37e-004     | 
|      439 |      -3.37e-004     | 
|      440 |       8.46e-005     | 
|      441 |       8.46e-005     | 
|      442 |      -1.09e-003     | 
|      443 |       4.17e-004     | 
|      444 |       5.15e-004     | 
|      445 |      -2.48e-004     | 
|      446 |       8.46e-005     | 
|      447 |       1.33e-004     | 
|      448 |       1.33e-004     | 
|      449 |      -1.02e-004     | 
|      450 |      -1.02e-004     | 
|      451 |      -3.37e-004     | 
|      452 |      -3.37e-004     | 
|      453 |       8.46e-005     | 
|      454 |       8.46e-005     | 
|      455 |      -1.09e-003     | 
|      456 |       4.17e-004     | 
|      457 |       5.15e-004     | 
|      458 |      -2.48e-004     | 
|      459 |       8.46e-005     | 
|      460 |       1.33e-004     | 
|      461 |       1.33e-004     | 
|      462 |      -1.02e-004     | 
|      463 |      -1.02e-004     | 
|      464 |      -3.37e-004     | 
|      465 |      -3.37e-004     | 
|      466 |       8.46e-005     | 
|      467 |       8.46e-005     | 
|      468 |      -1.09e-003     | 
|      469 |       4.17e-004     | 
|      470 |       5.15e-004     | 
|      471 |      -2.48e-004     | 
|      472 |       8.46e-005     | 
|      473 |       1.33e-004     | 
|      474 |       1.33e-004     | 
|      475 |      -1.02e-004     | 
|      476 |      -1.02e-004     | 
|      477 |      -3.37e-004     | 
|      478 |      -3.37e-004     | 
|      479 |       8.46e-005     | 
|      480 |       8.46e-005     | 
|      481 |      -1.09e-003     | 
|      482 |       4.17e-004     | 
|      483 |       5.15e-004     | 
|      484 |      -2.48e-004     | 
|      485 |       8.46e-005     | 
|      486 |       1.33e-004     | 
|      487 |       1.33e-004     | 
|      488 |      -1.02e-004     | 
|      489 |      -1.02e-004     | 
|      490 |      -3.37e-004     | 
|      491 |      -3.37e-004     | 
|      492 |       8.46e-005     | 
|      493 |       8.46e-005     | 
|      494 |      -1.09e-003     | 
|      495 |       4.17e-004     | 
|      496 |       5.15e-004     | 
|      497 |      -2.48e-004     | 
|      498 |       8.46e-005     | 
|      499 |       1.33e-004     | 
|      500 |       1.33e-004     | 
|      501 |      -1.02e-004     | 
|      502 |      -1.02e-004     | 
|      503 |      -3.37e-004     | 
|      504 |      -3.37e-004     | 
|      505 |       8.46e-005     | 
|      506 |       8.46e-005     | 
|      507 |      -1.09e-003     | 
|      508 |       4.17e-004     | 
|      509 |       5.15e-004     | 
|      510 |      -2.48e-004     | 
|      511 |       8.46e-005     | 
|      512 |       1.33e-004     | 
|      513 |       1.33e-004     | 
|      514 |      -1.02e-004     | 
|      515 |      -1.02e-004     | 
|      516 |      -3.37e-004     | 
|      517 |      -3.37e-004     | 
|      518 |       8.46e-005     | 
|      519 |       8.46e-005     | 
|      520 |      -1.09e-003     | 
|      521 |       4.17e-004     | 
|      522 |       5.15e-004     | 
|      523 |      -2.48e-004     | 
|      524 |       8.46e-005     | 
|      525 |       1.33e-004     | 
|      526 |       1.33e-004     | 
|      527 |      -1.02e-004     | 
|      528 |      -1.02e-004     | 
|      529 |      -3.37e-004     | 
|      530 |      -3.37e-004     | 
|      531 |       8.46e-005     | 
|      532 |       8.46e-005     | 
|      533 |      -1.09e-003     | 
|      534 |       4.17e-004     | 
|      535 |       5.15e-004     | 
|      536 |      -2.48e-004     | 
|      537 |       8.46e-005     | 
|      538 |       1.33e-004     | 
|      539 |       1.33e-004     | 
|      540 |      -1.02e-004     | 
|      541 |      -1.02e-004     | 
|      542 |      -3.37e-004     | 
|      543 |      -3.37e-004     | 
|      544 |       8.46e-005     | 
|      545 |       8.46e-005     | 
|      546 |      -1.09e-003     | 
|      547 |       4.17e-004     | 
|      548 |       5.15e-004     | 
|      549 |      -2.48e-004     | 
|      550 |       8.46e-005     | 
|      551 |       1.33e-004     | 
|      552 |       1.33e-004     | 
|      553 |      -1.02e-004     | 
|      554 |      -1.02e-004     | 
|      555 |      -3.37e-004     | 
|      556 |      -3.37e-004     | 
|      557 |       8.46e-005     | 
|      558 |       8.46e-005     | 
|      559 |      -1.09e-003     | 
|      560 |       4.17e-004     | 
|      561 |       5.15e-004     | 
|      562 |      -2.48e-004     | 
|      563 |       8.46e-005     | 
|      564 |       1.33e-004     | 
|      565 |       1.33e-004     | 
|      566 |      -1.02e-004     | 
|      567 |      -1.02e-004     | 
|      568 |      -3.37e-004     | 
|      569 |      -3.37e-004     | 
|      570 |       8.46e-005     | 
|      571 |       8.46e-005     | 
|      572 |      -1.09e-003     | 
|      573 |       4.17e-004     | 
|      574 |       5.15e-004     | 
|      575 |      -2.48e-004     | 
|      576 |       8.46e-005     | 
|      577 |       1.33e-004     | 
|      578 |       1.33e-004     | 
|      579 |      -1.02e-004     | 
|      580 |      -1.02e-004     | 
|      581 |      -3.37e-004     | 
|      582 |      -3.37e-004     | 
|      583 |       8.46e-005     | 
|      584 |       8.46e-005     | 
|      585 |      -1.09e-003     | 
|      586 |       4.17e-004     | 
|      587 |       5.15e-004     | 
|      588 |      -2.48e-004     | 
|      589 |       8.46e-005     | 
|      590 |       1.33e-004     | 
|      591 |       1.33e-004     | 
|      592 |      -1.02e-004     | 
|      593 |      -1.02e-004     | 
|      594 |      -3.37e-004     | 
|      595 |      -3.37e-004     | 
|      596 |       8.46e-005     | 
|      597 |       8.46e-005     | 
|      598 |      -1.09e-003     | 
|      599 |       4.17e-004     | 
|      600 |       5.15e-004     | 
|      601 |      -2.48e-004     | 
|      602 |       8.46e-005     | 
|      603 |       1.33e-004     | 
|      604 |       1.33e-004     | 
|      605 |      -1.02e-004     | 
|      606 |      -1.02e-004     | 
|      607 |      -3.37e-004     | 
|      608 |      -3.37e-004     | 
|      609 |       8.46e-005     | 
|      610 |       8.46e-005     | 
|      611 |      -1.09e-003     | 
|      612 |       4.17e-004     | 
|      613 |       5.15e-004     | 
|      614 |      -2.48e-004     | 
|      615 |       8.46e-005     | 
|      616 |       1.33e-004     | 
|      617 |       1.33e-004     | 
|      618 |      -1.02e-004     | 
|      619 |      -1.02e-004     | 
|      620 |      -3.37e-004     | 
|      621 |      -3.37e-004     | 
|      622 |       8.46e-005     | 
|      623 |       8.46e-005     | 
|      624 |      -1.09e-003     | 
|      625 |       4.17e-004     | 
|      626 |       5.15e-004     | 
|      627 |      -2.48e-004     | 
|      628 |       8.46e-005     | 
|      629 |       1.33e-004     | 
|      630 |       1.33e-004     | 
|      631 |      -1.02e-004     | 
|      632 |      -1.02e-004     | 
|      633 |      -3.37e-004     | 
|      634 |      -3.37e-004     | 
|      635 |       8.46e-005     | 
|      636 |       8.46e-005     | 
|      637 |      -1.09e-003     | 
|      638 |       4.18e-004     | 
|      639 |       5.15e-004     | 
|      640 |      -2.48e-004     | 
|      641 |       8.45e-005     | 
|      642 |       1.33e-004     | 
|      643 |       1.33e-004     | 
|      644 |      -1.02e-004     | 
|      645 |      -1.02e-004     | 
|      646 |      -3.37e-004     | 
|      647 |      -3.37e-004     | 
|      648 |       8.46e-005     | 
|      649 |       8.46e-005     | 
|      650 |      -1.09e-003     | 
|      651 |       4.17e-004     | 
|      652 |       5.15e-004     | 
|      653 |      -2.49e-004     | 
|      654 |       8.54e-005     | 
|      655 |       1.33e-004     | 
|      656 |       1.33e-004     | 
|      657 |      -1.02e-004     | 
|      658 |      -1.02e-004     | 
|      659 |      -3.38e-004     | 
|      660 |      -3.38e-004     | 
|      661 |       8.46e-005     | 
|      662 |       8.46e-005     | 
|      663 |      -1.09e-003     | 
|      664 |       4.23e-004     | 
|      665 |       5.15e-004     | 
|      666 |      -2.42e-004     | 
|      667 |       7.78e-005     | 
|      668 |       1.35e-004     | 
|      669 |       1.35e-004     | 
|      670 |      -1.04e-004     | 
|      671 |      -1.04e-004     | 
|      672 |      -3.36e-004     | 
|      673 |      -3.36e-004     | 
|      674 |       8.40e-005     | 
|      675 |       8.40e-005     | 
|      676 |      -1.09e-003     | 
|      677 |       3.85e-004     | 
|      678 |       5.13e-004     | 
|      679 |      -2.89e-004     | 
|      680 |       1.42e-004     | 
|      681 |       1.24e-004     | 
|      682 |       1.24e-004     | 
|      683 |      -9.05e-005     | 
|      684 |      -9.05e-005     | 
|      685 |      -3.46e-004     | 
|      686 |      -3.46e-004     | 
|      687 |       9.49e-005     | 
|      688 |       9.49e-005     | 
|      689 |      -1.05e-003     | 
|      690 |       5.45e-004     | 
|      691 |       5.48e-004     | 
|      692 |      -4.95e-005     | 
|      693 |      -4.59e-004     | 
|      694 |       1.89e-004     | 
|      695 |       1.89e-004     | 
|      696 |      -2.05e-004     | 
|      697 |      -2.05e-004     | 
|      698 |      -2.93e-004     | 
|      699 |      -2.93e-004     | 
|      700 |      -1.06e-004     | 
|      701 |      -1.06e-004     | 
|      702 |      -8.44e-004     | 
|      703 |       1.55e-004     | 
|      704 |       4.95e-004     | 
|      705 |      -2.82e-004     | 
|      706 |       3.38e-004     | 
|      707 |       1.65e-004     | 
|      708 |       1.65e-004     | 
|      709 |      -2.92e-004     | 
|      710 |       5.70e-005     | 
|      711 |      -2.47e-004     | 
|      712 |      -2.47e-004     | 
|      713 |       1.37e-004     | 
|      714 |       1.37e-004     | 
|      715 |      -8.48e-004     | 
|      716 |       3.38e-004     | 
|      717 |       4.59e-004     | 
|      718 |      -1.90e-004     | 
|      719 |       2.07e-005     | 
|      720 |       1.12e-004     | 
|      721 |       1.12e-004     | 
|      722 |      -8.28e-005     | 
|      723 |       6.79e-005     | 
|      724 |      -3.01e-004     | 
|      725 |      -3.01e-004     | 
|      726 |       4.74e-005     | 
|      727 |       4.74e-005     | 
|      728 |      -7.51e-004     | 
|      729 |       2.67e-004     | 
|      730 |       3.98e-004     | 
|      731 |      -1.70e-004     | 
|      732 |       5.58e-005     | 
|      733 |       1.09e-004     | 
|      734 |       1.09e-004     | 
|      735 |      -1.45e-004     | 
|      736 |       6.10e-006     | 
|      737 |      -2.24e-004     | 
|      738 |      -2.24e-004     | 
|      739 |       5.23e-005     | 
|      740 |       5.23e-005     | 
|      741 |      -6.63e-004     | 
|      742 |       2.35e-004     | 
|      743 |       3.08e-004     | 
|      744 |      -1.30e-004     | 
|      745 |       5.16e-005     | 
|      746 |       7.88e-005     | 
|      747 |       7.88e-005     | 
|      748 |      -1.37e-004     | 
|      749 |       1.33e-005     | 
|      750 |      -2.06e-004     | 
|      751 |      -2.06e-004     | 
|      752 |       5.20e-005     | 
|      753 |       5.20e-005     | 
|      754 |      -5.75e-004     | 
|      755 |       1.98e-004     | 
|      756 |       2.20e-004     | 
|      757 |      -9.42e-005     | 
|      758 |       5.21e-005     | 
|      759 |       5.36e-005     | 
|      760 |       5.36e-005     | 
|      761 |      -1.38e-004     | 
|      762 |       1.24e-005     | 
|      763 |      -1.79e-004     | 
|      764 |      -1.79e-004     | 
|      765 |       5.20e-005     | 
|      766 |       5.20e-005     | 
|      767 |      -4.87e-004     | 
|      768 |       1.62e-004     | 
|      769 |       1.31e-004     | 
|      770 |      -5.79e-005     | 
|      771 |       5.22e-005     | 
|      772 |       2.76e-005     | 
|      773 |       2.76e-005     | 
|      774 |      -1.38e-004     | 
|      775 |       1.26e-005     | 
|      776 |      -1.53e-004     | 
|      777 |      -1.53e-004     | 
|      778 |       5.22e-005     | 
|      779 |       5.22e-005     | 
|      780 |      -3.97e-004     | 
|      781 |       1.18e-004     | 
|      782 |       4.31e-005     | 
|      783 |      -1.96e-005     | 
|      784 |       4.94e-005     | 
|      785 |       2.14e-006     | 
|      786 |       2.14e-006     | 
|      787 |      -1.39e-004     | 
|      788 |       1.22e-005     | 
|      789 |      -1.29e-004     | 
|      790 |      -1.29e-004     | 
|      791 |       4.94e-005     | 
|      792 |       4.94e-005     | 
|      793 |      -3.24e-004     | 
|      794 |       1.77e-004     | 
|      795 |      -5.03e-005     | 
|      796 |       2.52e-005     | 
|      797 |       1.01e-004     | 
|      798 |      -2.38e-005     | 
|      799 |      -2.38e-005     | 
|      800 |      -1.31e-004     | 
|      801 |       1.93e-005     | 
|      802 |      -8.82e-005     | 
|      803 |      -8.82e-005     | 
|      804 |       1.01e-004     | 
|      805 |       1.01e-004     | 
|      806 |      -1.96e-004     | 
|      807 |      -4.57e-004     | 
|      808 |      -4.57e-004     | 
|      809 |      -1.96e-004     | 
|      810 |       1.24e-005     | 
|      811 |      -1.56e-005     | 
|      812 |       1.32e-004     | 
|      813 |       2.83e-005     | 
|      814 |       2.83e-005     | 
|      815 |      -3.98e-004     | 
|      816 |       1.06e-004     | 
|      817 |      -1.44e-005     | 
|      818 |      -1.78e-004     | 
|      819 |      -1.62e-004     | 
|      820 |       2.56e-004     | 
|      821 |      -1.78e-004     | 
|      822 |      -1.44e-005     | 
|      823 |       7.62e-005     | 
|      824 |       4.16e-005     | 
|      825 |      -1.66e-005     | 
|      826 |       3.57e-005     | 
|      827 |       3.57e-005     | 
|      828 |      -1.31e-004     | 
|      829 |      -1.07e-004     | 
|      830 |      -3.14e-005     | 
|      831 |      -3.68e-005     | 
|      832 |      -2.62e-004     | 
|      833 |       1.56e-004     | 
|      834 |      -3.68e-005     | 
|      835 |      -3.14e-005     | 
|      836 |       1.84e-004     | 
|      837 |       3.39e-005     | 
|      838 |      -1.11e-004     | 
|      839 |       3.52e-005     | 
|      840 |       3.52e-005     | 
|      841 |       1.13e-004     | 
|      842 |      -3.54e-004     | 
|      843 |      -1.12e-004     | 
|      844 |       2.46e-005     | 
|      845 |      -2.51e-004     | 
|      846 |       1.68e-004     | 
|      847 |       2.46e-005     | 
|      848 |      -1.12e-004     | 
|      849 |       2.82e-004     | 
|      850 |       4.09e-005     | 
|      851 |      -2.18e-004     | 
|      852 |       3.66e-005     | 
|      853 |       3.66e-005     | 
|      854 |       3.58e-004     | 
|      855 |      -5.99e-004     | 
|      856 |      -1.83e-004     | 
|      857 |       9.68e-005     | 
|      858 |      -2.51e-004     | 
|      859 |       1.67e-004     | 
|      860 |       9.68e-005     | 
|      861 |      -1.83e-004     | 
|      862 |       3.82e-004     | 
|      863 |      -2.02e-005     | 
|      864 |      -2.95e-004     | 
|      865 |       1.18e-005     | 
|      866 |       1.18e-005     | 
|      867 |       6.06e-004     | 
|      868 |      -8.38e-004     | 
|      869 |      -2.53e-004     | 
|      870 |       1.75e-004     | 
|      871 |      -2.62e-004     | 
|      872 |       1.56e-004     | 
|      873 |       1.75e-004     | 
|      874 |      -2.53e-004     | 
|      875 |       4.17e-004     | 
|      876 |      -1.33e-005     | 
|      877 |      -3.37e-004     | 
|      878 |       1.32e-005     | 
|      879 |       1.32e-005     | 
|      880 |       7.76e-004     | 
|      881 |      -9.99e-004     | 
|      882 |      -3.00e-004     | 
|      883 |       2.30e-004     | 
|      884 |      -1.40e-004     | 
|      885 |       1.18e-005     | 
|      886 |       2.30e-004     | 
|      887 |      -3.00e-004     | 
|      888 |       3.91e-004     | 
|      889 |      -2.03e-005     | 
|      890 |      -3.04e-004     | 
|      891 |       1.18e-005     | 
|      892 |       1.18e-005     | 
|      893 |       7.87e-004     | 
|      894 |      -1.01e-003     | 
|      895 |      -3.03e-004     | 
|      896 |       2.33e-004     | 
|      897 |      -6.23e-006     | 
|      898 |      -1.22e-004     | 
|      899 |       2.33e-004     | 
|      900 |      -3.03e-004     | 
|      901 |       2.99e-004     | 
|      902 |       4.16e-005     | 
|      903 |      -2.36e-004     | 
|      904 |       3.66e-005     | 
|      905 |       3.66e-005     | 
|      906 |       6.38e-004     | 
|      907 |      -8.70e-004     | 
|      908 |      -2.62e-004     | 
|      909 |       1.84e-004     | 
|      910 |       1.39e-004     | 
|      911 |      -2.44e-004     | 
|      912 |       1.84e-004     | 
|      913 |      -2.62e-004     | 
|      914 |       2.16e-004     | 
|      915 |       2.84e-005     | 
|      916 |      -1.34e-004     | 
|      917 |       3.46e-005     | 
|      918 |       3.46e-005     | 
|      919 |       4.11e-004     | 
|      920 |      -6.52e-004     | 
|      921 |      -1.97e-004     | 
|      922 |       1.13e-004     | 
|      923 |       1.48e-004     | 
|      924 |      -2.34e-004     | 
|      925 |       1.13e-004     | 
|      926 |      -1.97e-004     | 
|      927 |       7.22e-005     | 
|      928 |       9.01e-005     | 
|      929 |      -6.10e-005     | 
|      930 |       4.79e-005     | 
|      931 |       4.79e-005     | 
|      932 |       1.83e-004     | 
|      933 |      -4.29e-004     | 
|      934 |      -1.42e-004     | 
|      935 |       4.25e-005     | 
|      936 |       1.59e-004     | 
|      937 |      -2.23e-004     | 
|      938 |       4.25e-005     | 
|      939 |      -1.42e-004     | 
|      940 |       9.11e-006     | 
|      941 |       1.50e-005     | 
|      942 |      -3.42e-006     | 
|      943 |       8.90e-006     | 
|      944 |       8.90e-006     | 
|      945 |       2.41e-005     | 
|      946 |      -9.39e-005     | 
|      947 |      -2.66e-005     | 
|      948 |      -4.05e-006     | 
|      949 |       4.77e-005     | 
|      950 |      -3.00e-005     | 
|      951 |      -4.05e-006     | 
|      952 |      -2.66e-005     | 
|      953 |       9.63e-005     | 
|      954 |       3.56e-004     | 
|      955 |       1.41e-004     | 
|      956 |       6.16e-005     | 
|      957 |       6.16e-005     | 
|      958 |      -6.19e-004     | 
|      959 |       4.22e-004     | 
|      960 |       1.92e-004     | 
|      961 |      -1.25e-004     | 
|      962 |      -1.99e-004     | 
|      963 |      -2.52e-004     | 
|      964 |      -1.25e-004     | 
|      965 |       1.92e-004     | 
|      966 |       3.43e-005     | 
|      967 |       4.49e-005     | 
|      968 |       4.49e-005     | 
|      969 |      -6.53e-004     | 
|      970 |       3.34e-004     | 
|      971 |       7.38e-005     | 
|      972 |      -2.14e-004     | 
|      973 |      -9.38e-006     | 
|      974 |      -6.22e-005     | 
|      975 |      -2.14e-004     | 
|      976 |       7.38e-005     | 
|      977 |       1.96e-004     | 
|      978 |       2.53e-004     | 
|      979 |      -2.31e-004     | 
|      980 |      -1.42e-004     | 
|      981 |       4.72e-005     | 
|      982 |       4.58e-005     | 
|      983 |       4.58e-005     | 
|      984 |      -6.18e-004     | 
|      985 |       3.06e-004     | 
|      986 |       8.24e-005     | 
|      987 |      -1.88e-004     | 
|      988 |      -3.12e-005     | 
|      989 |      -8.40e-005     | 
|      990 |      -1.88e-004     | 
|      991 |       8.24e-005     | 
|      992 |       2.29e-004     | 
|      993 |      -1.41e-004     | 
|      994 |       4.55e-005     | 
|      995 |       4.57e-005     | 
|      996 |       4.57e-005     | 
|      997 |      -5.87e-004     | 
|      998 |       2.75e-004     | 
|      999 |       7.08e-005     | 
|     1000 |      -1.82e-004     | 
|     1001 |      -2.85e-005     | 
|     1002 |      -8.13e-005     | 
|     1003 |      -1.82e-004     | 
|     1004 |       7.08e-005     | 
|     1005 |       2.18e-004     | 
|     1006 |      -1.26e-004     | 
|     1007 |       4.57e-005     | 
|     1008 |       4.57e-005     | 
|     1009 |       4.57e-005     | 
|     1010 |      -5.56e-004     | 
|     1011 |       2.44e-004     | 
|     1012 |       6.21e-005     | 
|     1013 |      -1.72e-004     | 
|     1014 |      -2.88e-005     | 
|     1015 |      -8.16e-005     | 
|     1016 |      -1.72e-004     | 
|     1017 |       6.21e-005     | 
|     1018 |       2.05e-004     | 
|     1019 |      -1.14e-004     | 
|     1020 |       4.57e-005     | 
|     1021 |       4.57e-005     | 
|     1022 |       4.57e-005     | 
|     1023 |      -5.25e-004     | 
|     1024 |       2.13e-004     | 
|     1025 |       5.30e-005     | 
|     1026 |      -1.63e-004     | 
|     1027 |      -2.88e-005     | 
|     1028 |      -8.16e-005     | 
|     1029 |      -1.63e-004     | 
|     1030 |       5.30e-005     | 
|     1031 |       1.92e-004     | 
|     1032 |      -1.01e-004     | 
|     1033 |       4.57e-005     | 
|     1034 |       4.57e-005     | 
|     1035 |       4.57e-005     | 
|     1036 |      -4.95e-004     | 
|     1037 |       1.82e-004     | 
|     1038 |       4.39e-005     | 
|     1039 |      -1.54e-004     | 
|     1040 |      -2.88e-005     | 
|     1041 |      -8.16e-005     | 
|     1042 |      -1.54e-004     | 
|     1043 |       4.39e-005     | 
|     1044 |       1.79e-004     | 
|     1045 |      -8.81e-005     | 
|     1046 |       4.56e-005     | 
|     1047 |       4.57e-005     | 
|     1048 |       4.57e-005     | 
|     1049 |      -4.64e-004     | 
|     1050 |       1.51e-004     | 
|     1051 |       3.49e-005     | 
|     1052 |      -1.45e-004     | 
|     1053 |      -2.88e-005     | 
|     1054 |      -8.16e-005     | 
|     1055 |      -1.45e-004     | 
|     1056 |       3.49e-005     | 
|     1057 |       1.67e-004     | 
|     1058 |      -7.51e-005     | 
|     1059 |       4.65e-005     | 
|     1060 |       4.57e-005     | 
|     1061 |       4.57e-005     | 
|     1062 |      -4.33e-004     | 
|     1063 |       1.21e-004     | 
|     1064 |       2.56e-005     | 
|     1065 |      -1.36e-004     | 
|     1066 |      -2.86e-005     | 
|     1067 |      -8.14e-005     | 
|     1068 |      -1.36e-004     | 
|     1069 |       2.56e-005     | 
|     1070 |       1.53e-004     | 
|     1071 |      -6.34e-005     | 
|     1072 |       3.93e-005     | 
|     1073 |       4.51e-005     | 
|     1074 |       4.51e-005     | 
|     1075 |      -4.01e-004     | 
|     1076 |       8.95e-005     | 
|     1077 |       1.82e-005     | 
|     1078 |      -1.26e-004     | 
|     1079 |      -3.01e-005     | 
|     1080 |      -8.29e-005     | 
|     1081 |      -1.26e-004     | 
|     1082 |       1.82e-005     | 
|     1083 |       1.44e-004     | 
|     1084 |      -4.27e-005     | 
|     1085 |       1.01e-004     | 
|     1086 |       5.71e-005     | 
|     1087 |       5.71e-005     | 
|     1088 |      -3.75e-004     | 
|     1089 |       5.84e-005     | 
|     1090 |      -2.98e-006     | 
|     1091 |      -1.23e-004     | 
|     1092 |      -1.78e-005     | 
|     1093 |      -7.06e-005     | 
|     1094 |      -1.23e-004     | 
|     1095 |      -2.98e-006     | 
|     1096 |       1.13e-004     | 
|     1097 |      -8.60e-005     | 
|     1098 |       7.26e-006     | 
|     1099 |       1.34e-005     | 
|     1100 |       1.34e-005     | 
|     1101 |      -2.80e-004     | 
|     1102 |       1.57e-004     | 
|     1103 |       4.86e-005     | 
|     1104 |      -9.36e-005     | 
|     1105 |       1.74e-004     | 
|     1106 |      -1.82e-004     | 
|     1107 |      -9.36e-005     | 
|     1108 |       4.86e-005     | 
|     1109 |       7.23e-005     | 
|     1110 |      -3.34e-005     | 
|     1111 |       1.95e-005     | 
|     1112 |       1.64e-005     | 
|     1113 |       1.64e-005     | 
|     1114 |      -6.76e-005     | 
|     1115 |      -3.86e-005     | 
|     1116 |      -1.47e-005     | 
|     1117 |      -2.20e-005     | 
|     1118 |       1.58e-004     | 
|     1119 |      -1.98e-004     | 
|     1120 |      -2.20e-005     | 
|     1121 |      -1.47e-005     | 
|     1122 |      -2.50e-005     | 
|     1123 |       5.18e-005     | 
|     1124 |      -1.39e-005     | 
|     1125 |       3.17e-006     | 
|     1126 |       3.17e-006     | 
|     1127 |       1.43e-004     | 
|     1128 |      -2.45e-004     | 
|     1129 |      -7.50e-005     | 
|     1130 |       4.08e-005     | 
|     1131 |       1.54e-004     | 
|     1132 |      -2.02e-004     | 
|     1133 |       4.08e-005     | 
|     1134 |      -7.50e-005     | 
|     1135 |      -9.71e-005     | 
|     1136 |       1.38e-004     | 
|     1137 |      -1.01e-005     | 
|     1138 |       3.93e-006     | 
|     1139 |       3.93e-006     | 
|     1140 |       3.11e-004     | 
|     1141 |      -4.08e-004     | 
|     1142 |      -1.23e-004     | 
|     1143 |       9.34e-005     | 
|     1144 |       7.70e-005     | 
|     1145 |      -1.37e-004     | 
|     1146 |       9.34e-005     | 
|     1147 |      -1.23e-004     | 
|     1148 |      -1.52e-004     | 
|     1149 |       1.88e-004     | 
|     1150 |      -1.38e-005     | 
|     1151 |       3.18e-006     | 
|     1152 |       3.18e-006     | 
|     1153 |       3.96e-004     | 
|     1154 |      -4.92e-004     | 
|     1155 |      -1.47e-004     | 
|     1156 |       1.18e-004     | 
|     1157 |       6.36e-006     | 
|     1158 |      -6.67e-005     | 
|     1159 |       1.18e-004     | 
|     1160 |      -1.47e-004     | 
|     1161 |      -1.67e-004     | 
|     1162 |       2.07e-004     | 
|     1163 |       1.86e-005     | 
|     1164 |       1.63e-005     | 
|     1165 |       1.63e-005     | 
|     1166 |       3.95e-004     | 
|     1167 |      -4.97e-004     | 
|     1168 |      -1.49e-004     | 
|     1169 |       1.15e-004     | 
|     1170 |      -5.85e-005     | 
|     1171 |       9.92e-006     | 
|     1172 |       1.15e-004     | 
|     1173 |      -1.49e-004     | 
|     1174 |      -1.63e-004     | 
|     1175 |       1.92e-004     | 
|     1176 |       1.53e-005     | 
|     1177 |       1.56e-005     | 
|     1178 |       1.56e-005     | 
|     1179 |       3.53e-004     | 
|     1180 |      -4.60e-004     | 
|     1181 |      -1.38e-004     | 
|     1182 |       9.98e-005     | 
|     1183 |      -5.25e-005     | 
|     1184 |       1.59e-005     | 
|     1185 |       9.98e-005     | 
|     1186 |      -1.38e-004     | 
|     1187 |      -1.44e-004     | 
|     1188 |       1.76e-004     | 
|     1189 |       1.57e-005     | 
|     1190 |       1.56e-005     | 
|     1191 |       1.56e-005     | 
|     1192 |       3.13e-004     | 
|     1193 |      -4.20e-004     | 
|     1194 |      -1.26e-004     | 
|     1195 |       8.86e-005     | 
|     1196 |      -5.31e-005     | 
|     1197 |       1.52e-005     | 
|     1198 |       8.86e-005     | 
|     1199 |      -1.26e-004     | 
|     1200 |      -1.28e-004     | 
|     1201 |       1.59e-004     | 
|     1202 |       1.56e-005     | 
|     1203 |       1.56e-005     | 
|     1204 |       1.56e-005     | 
|     1205 |       2.73e-004     | 
|     1206 |      -3.80e-004     | 
|     1207 |      -1.15e-004     | 
|     1208 |       7.68e-005     | 
|     1209 |      -5.31e-005     | 
|     1210 |       1.53e-005     | 
|     1211 |       7.68e-005     | 
|     1212 |      -1.15e-004     | 
|     1213 |      -1.11e-004     | 
|     1214 |       1.43e-004     | 
|     1215 |       1.56e-005     | 
|     1216 |       1.56e-005     | 
|     1217 |       1.56e-005     | 
|     1218 |       2.33e-004     | 
|     1219 |      -3.40e-004     | 
|     1220 |      -1.03e-004     | 
|     1221 |       6.51e-005     | 
|     1222 |      -5.31e-005     | 
|     1223 |       1.53e-005     | 
|     1224 |       6.51e-005     | 
|     1225 |      -1.03e-004     | 
|     1226 |      -9.48e-005     | 
|     1227 |       1.26e-004     | 
|     1228 |       1.56e-005     | 
|     1229 |       1.56e-005     | 
|     1230 |       1.56e-005     | 
|     1231 |       1.93e-004     | 
|     1232 |      -3.00e-004     | 
|     1233 |      -9.11e-005     | 
|     1234 |       5.34e-005     | 
|     1235 |      -5.31e-005     | 
|     1236 |       1.53e-005     | 
|     1237 |       5.34e-005     | 
|     1238 |      -9.11e-005     | 
|     1239 |      -7.82e-005     | 
|     1240 |       1.09e-004     | 
|     1241 |       1.56e-005     | 
|     1242 |       1.56e-005     | 
|     1243 |       1.56e-005     | 
|     1244 |       1.53e-004     | 
|     1245 |      -2.60e-004     | 
|     1246 |      -7.94e-005     | 
|     1247 |       4.16e-005     | 
|     1248 |      -5.31e-005     | 
|     1249 |       1.53e-005     | 
|     1250 |       4.16e-005     | 
|     1251 |      -7.94e-005     | 
|     1252 |      -6.16e-005     | 
|     1253 |       9.29e-005     | 
|     1254 |       1.58e-005     | 
|     1255 |       1.56e-005     | 
|     1256 |       1.56e-005     | 
|     1257 |       1.13e-004     | 
|     1258 |      -2.20e-004     | 
|     1259 |      -6.77e-005     | 
|     1260 |       2.99e-005     | 
|     1261 |      -5.30e-005     | 
|     1262 |       1.54e-005     | 
|     1263 |       2.99e-005     | 
|     1264 |      -6.77e-005     | 
|     1265 |      -4.51e-005     | 
|     1266 |       7.60e-005     | 
|     1267 |       1.42e-005     | 
|     1268 |       1.57e-005     | 
|     1269 |       1.57e-005     | 
|     1270 |       7.32e-005     | 
|     1271 |      -1.80e-004     | 
|     1272 |      -5.54e-005     | 
|     1273 |       1.83e-005     | 
|     1274 |      -5.34e-005     | 
|     1275 |       1.50e-005     | 
|     1276 |       1.83e-005     | 
|     1277 |      -5.54e-005     | 
|     1278 |      -2.79e-005     | 
|     1279 |       6.23e-005     | 
|     1280 |       2.57e-005     | 
|     1281 |       1.45e-005     | 
|     1282 |       1.45e-005     | 
|     1283 |       3.20e-005     | 
|     1284 |      -1.38e-004     | 
|     1285 |      -4.84e-005     | 
|     1286 |       5.50e-006     | 
|     1287 |      -5.08e-005     | 
|     1288 |       1.76e-005     | 
|     1289 |       5.50e-006     | 
|     1290 |      -4.84e-005     | 
|     1291 |      -1.42e-005     | 
|     1292 |       2.09e-005     | 
|     1293 |       1.67e-004     | 
|     1294 |       3.76e-004     | 
---------------------------------- 
