Input for a 3D with large deformation (You must respect line breaks):

Force Magnitude
kN

Length Magnitude
m

Number of degrees of freedom per node
3

Number of nodes per element
2

Number of materials
1

Materials:
Young Modulus	gamma	alpha (1/C)	nu
200000000	0	0	0.3

Number of temperature cases
0

Temperature cases:
Value

Number of sections
2

Sections:
Area
0.005
0.0008

Number of nodes
289

Node matrix 
Xs     Ys     Zs
0	0	0
2	0	0
2	0	2
0	0	2
2	0	4
0	0	4
2	0	6
0	0	6
2	0	8
0	0	8
2	0	10
0	0	10
2	0	12
0	0	12
2	0	14
0	0	14
2	0	16
0	0	16
2	0	18
0	0	18
2	0	20
0	0	20
2	0	22
0	0	22
2	0	24
0	0	24
2	0	26
0	0	26
2	0	28
0	0	28
2	0	30
0	0	30
2	0	32
0	0	32
2	0	34
0	0	34
2	0	36
0	0	36
2	0	38
0	0	38
2	0	40
0	0	40
2	0	42
0	0	42
2	0	44
0	0	44
2	0	46
0	0	46
2	0	48
0	0	48
2	0	50
0	0	50
2	0	52
0	0	52
2	0	54
0	0	54
2	0	56
0	0	56
2	0	58
0	0	58
2	0	60
0	0	60
4	0	54
4	0	52
2	0	62
0	0	62
6	0	54
6	0	52
8	0	54
8	0	52
10	0	54
10	0	52
12	0	54
12	0	52
14	0	54
14	0	52
16	0	54
16	0	52
18	0	54
18	0	52
20	0	54
20	0	52
22	0	54
22	0	52
24	0	54
24	0	52
26	0	54
26	0	52
28	0	54
28	0	52
30	0	54
30	0	52
32	0	54
32	0	52
34	0	54
34	0	52
36	0	54
36	0	52
38	0	54
38	0	52
40	0	54
40	0	52
42	0	54
42	0	52
44	0	54
44	0	52
46	0	54
46	0	52
48	0	54
48	0	52
50	0	54
50	0	52
52	0	54
52	0	52
54	0	54
54	0	52
-22	0	54
-20	0	54
-20	0	52
-22	0	52
-18	0	54
-18	0	52
-16	0	54
-16	0	52
-14	0	54
-14	0	52
-12	0	54
-12	0	52
-10	0	54
-10	0	52
-8	0	54
-8	0	52
-6	0	54
-6	0	52
-4	0	54
-4	0	52
-2	0	54
-2	0	52
2	0	64
0	0	64
2	0	66
0	0	66
2	0	68
0	0	68
1	1	70
2	2	0
0	2	0
2	2	2
0	2	2
2	2	4
0	2	4
2	2	6
0	2	6
2	2	8
0	2	8
2	2	10
0	2	10
2	2	12
0	2	12
2	2	14
0	2	14
2	2	16
0	2	16
2	2	18
0	2	18
2	2	20
0	2	20
2	2	22
0	2	22
2	2	24
0	2	24
2	2	26
0	2	26
2	2	28
0	2	28
2	2	30
0	2	30
2	2	32
0	2	32
2	2	34
0	2	34
2	2	36
0	2	36
2	2	38
0	2	38
2	2	40
0	2	40
2	2	42
0	2	42
2	2	44
0	2	44
2	2	46
0	2	46
2	2	48
0	2	48
2	2	50
0	2	50
2	2	52
0	2	52
2	2	54
0	2	54
2	2	56
0	2	56
2	2	58
0	2	58
2	2	60
0	2	60
2	2	62
0	2	62
2	2	64
0	2	64
2	2	66
0	2	66
2	2	68
0	2	68
-2	2	54
-2	2	52
-4	2	54
-4	2	52
-6	2	54
-6	2	52
-8	2	54
-8	2	52
-10	2	54
-10	2	52
-12	2	54
-12	2	52
-14	2	54
-14	2	52
-16	2	54
-16	2	52
-18	2	54
-18	2	52
-20	2	54
-20	2	52
-22	2	54
-22	2	52
4	2	52
4	2	54
6	2	52
6	2	54
8	2	52
8	2	54
10	2	52
10	2	54
12	2	52
12	2	54
14	2	52
14	2	54
16	2	52
16	2	54
18	2	52
18	2	54
20	2	52
20	2	54
22	2	52
22	2	54
24	2	52
24	2	54
26	2	52
26	2	54
28	2	52
28	2	54
30	2	52
30	2	54
32	2	52
32	2	54
34	2	52
34	2	54
36	2	52
36	2	54
38	2	52
38	2	54
40	2	52
40	2	54
42	2	52
42	2	54
44	2	52
44	2	54
46	2	52
46	2	54
48	2	52
48	2	54
50	2	52
50	2	54
52	2	52
52	2	54
54	2	52
54	2	54

Number of elements
1294

Conectivity matrix
material     section     tempcase     start     end
1	1	0	1	2
1	1	0	2	3
1	1	0	3	4
1	1	0	4	1
1	1	0	1	3
1	1	0	4	2
1	1	0	3	5
1	1	0	5	6
1	1	0	6	4
1	1	0	4	5
1	1	0	6	3
1	1	0	5	7
1	1	0	7	8
1	1	0	8	6
1	1	0	6	7
1	1	0	8	5
1	1	0	7	9
1	1	0	9	10
1	1	0	10	8
1	1	0	8	9
1	1	0	10	7
1	1	0	9	11
1	1	0	11	12
1	1	0	12	10
1	1	0	10	11
1	1	0	12	9
1	1	0	11	13
1	1	0	13	14
1	1	0	14	12
1	1	0	12	13
1	1	0	14	11
1	1	0	13	15
1	1	0	15	16
1	1	0	16	14
1	1	0	14	15
1	1	0	16	13
1	1	0	15	17
1	1	0	17	18
1	1	0	18	16
1	1	0	16	17
1	1	0	18	15
1	1	0	17	19
1	1	0	19	20
1	1	0	20	18
1	1	0	18	19
1	1	0	20	17
1	1	0	19	21
1	1	0	21	22
1	1	0	22	20
1	1	0	20	21
1	1	0	22	19
1	1	0	21	23
1	1	0	23	24
1	1	0	24	22
1	1	0	22	23
1	1	0	24	21
1	1	0	23	25
1	1	0	25	26
1	1	0	26	24
1	1	0	24	25
1	1	0	26	23
1	1	0	25	27
1	1	0	27	28
1	1	0	28	26
1	1	0	26	27
1	1	0	28	25
1	1	0	27	29
1	1	0	29	30
1	1	0	30	28
1	1	0	28	29
1	1	0	30	27
1	1	0	29	31
1	1	0	31	32
1	1	0	32	30
1	1	0	30	31
1	1	0	32	29
1	1	0	31	33
1	1	0	33	34
1	1	0	34	32
1	1	0	32	33
1	1	0	34	31
1	1	0	33	35
1	1	0	35	36
1	1	0	36	34
1	1	0	34	35
1	1	0	36	33
1	1	0	35	37
1	1	0	37	38
1	1	0	38	36
1	1	0	36	37
1	1	0	38	35
1	1	0	37	39
1	1	0	39	40
1	1	0	40	38
1	1	0	38	39
1	1	0	40	37
1	1	0	39	41
1	1	0	41	42
1	1	0	42	40
1	1	0	40	41
1	1	0	42	39
1	1	0	41	43
1	1	0	43	44
1	1	0	44	42
1	1	0	42	43
1	1	0	44	41
1	1	0	43	45
1	1	0	45	46
1	1	0	46	44
1	1	0	44	45
1	1	0	46	43
1	1	0	45	47
1	1	0	47	48
1	1	0	48	46
1	1	0	46	47
1	1	0	48	45
1	1	0	47	49
1	1	0	49	50
1	1	0	50	48
1	1	0	48	49
1	1	0	50	47
1	1	0	49	51
1	1	0	51	52
1	1	0	52	50
1	1	0	50	51
1	1	0	52	49
1	1	0	51	53
1	1	0	53	54
1	1	0	54	52
1	1	0	52	53
1	1	0	54	51
1	1	0	53	55
1	1	0	55	56
1	1	0	56	54
1	1	0	54	55
1	1	0	56	53
1	1	0	55	57
1	1	0	57	58
1	1	0	58	56
1	1	0	56	57
1	1	0	58	55
1	1	0	57	59
1	1	0	59	60
1	1	0	60	58
1	1	0	58	59
1	1	0	60	57
1	1	0	59	61
1	1	0	61	62
1	1	0	62	60
1	1	0	60	61
1	1	0	62	59
1	1	0	55	63
1	1	0	63	64
1	1	0	64	53
1	1	0	53	63
1	1	0	64	55
1	1	0	61	65
1	1	0	65	66
1	1	0	66	62
1	1	0	62	65
1	1	0	66	61
1	1	0	63	67
1	1	0	67	68
1	1	0	68	64
1	1	0	64	67
1	1	0	68	63
1	1	0	67	69
1	1	0	69	70
1	1	0	70	68
1	1	0	68	69
1	1	0	70	67
1	1	0	69	71
1	1	0	71	72
1	1	0	72	70
1	1	0	70	71
1	1	0	72	69
1	1	0	71	73
1	1	0	73	74
1	1	0	74	72
1	1	0	72	73
1	1	0	74	71
1	1	0	73	75
1	1	0	75	76
1	1	0	76	74
1	1	0	74	75
1	1	0	76	73
1	1	0	75	77
1	1	0	77	78
1	1	0	78	76
1	1	0	76	77
1	1	0	78	75
1	1	0	77	79
1	1	0	79	80
1	1	0	80	78
1	1	0	78	79
1	1	0	80	77
1	1	0	79	81
1	1	0	81	82
1	1	0	82	80
1	1	0	80	81
1	1	0	82	79
1	1	0	81	83
1	1	0	83	84
1	1	0	84	82
1	1	0	82	83
1	1	0	84	81
1	1	0	83	85
1	1	0	85	86
1	1	0	86	84
1	1	0	84	85
1	1	0	86	83
1	1	0	85	87
1	1	0	87	88
1	1	0	88	86
1	1	0	86	87
1	1	0	88	85
1	1	0	87	89
1	1	0	89	90
1	1	0	90	88
1	1	0	88	89
1	1	0	90	87
1	1	0	89	91
1	1	0	91	92
1	1	0	92	90
1	1	0	90	91
1	1	0	92	89
1	1	0	91	93
1	1	0	93	94
1	1	0	94	92
1	1	0	92	93
1	1	0	94	91
1	1	0	93	95
1	1	0	95	96
1	1	0	96	94
1	1	0	94	95
1	1	0	96	93
1	1	0	95	97
1	1	0	97	98
1	1	0	98	96
1	1	0	96	97
1	1	0	98	95
1	1	0	97	99
1	1	0	99	100
1	1	0	100	98
1	1	0	98	99
1	1	0	100	97
1	1	0	99	101
1	1	0	101	102
1	1	0	102	100
1	1	0	100	101
1	1	0	102	99
1	1	0	101	103
1	1	0	103	104
1	1	0	104	102
1	1	0	102	103
1	1	0	104	101
1	1	0	103	105
1	1	0	105	106
1	1	0	106	104
1	1	0	104	105
1	1	0	106	103
1	1	0	105	107
1	1	0	107	108
1	1	0	108	106
1	1	0	106	107
1	1	0	108	105
1	1	0	107	109
1	1	0	109	110
1	1	0	110	108
1	1	0	108	109
1	1	0	110	107
1	1	0	109	111
1	1	0	111	112
1	1	0	112	110
1	1	0	110	111
1	1	0	112	109
1	1	0	111	113
1	1	0	113	114
1	1	0	114	112
1	1	0	112	113
1	1	0	114	111
1	1	0	113	115
1	1	0	115	116
1	1	0	116	114
1	1	0	114	115
1	1	0	116	113
1	1	0	117	118
1	1	0	118	119
1	1	0	119	120
1	1	0	120	118
1	1	0	119	117
1	1	0	118	121
1	1	0	121	122
1	1	0	122	119
1	1	0	119	121
1	1	0	122	118
1	1	0	121	123
1	1	0	123	124
1	1	0	124	122
1	1	0	122	123
1	1	0	124	121
1	1	0	123	125
1	1	0	125	126
1	1	0	126	124
1	1	0	124	125
1	1	0	126	123
1	1	0	125	127
1	1	0	127	128
1	1	0	128	126
1	1	0	126	127
1	1	0	128	125
1	1	0	127	129
1	1	0	129	130
1	1	0	130	128
1	1	0	128	129
1	1	0	130	127
1	1	0	129	131
1	1	0	131	132
1	1	0	132	130
1	1	0	130	131
1	1	0	132	129
1	1	0	131	133
1	1	0	133	134
1	1	0	134	132
1	1	0	132	133
1	1	0	134	131
1	1	0	133	135
1	1	0	135	136
1	1	0	136	134
1	1	0	134	135
1	1	0	136	133
1	1	0	135	137
1	1	0	137	138
1	1	0	138	136
1	1	0	136	137
1	1	0	138	135
1	1	0	137	56
1	1	0	54	138
1	1	0	138	56
1	1	0	54	137
1	1	0	117	120
1	1	0	65	139
1	1	0	139	140
1	1	0	140	66
1	1	0	66	139
1	1	0	140	65
1	1	0	139	141
1	1	0	141	142
1	1	0	142	140
1	1	0	140	141
1	1	0	142	139
1	1	0	141	143
1	1	0	143	144
1	1	0	144	142
1	1	0	142	143
1	1	0	144	141
1	1	0	145	117
1	1	0	145	118
1	1	0	145	85
1	1	0	145	115
1	1	0	2	146
1	1	0	146	147
1	1	0	147	1
1	1	0	146	148
1	1	0	148	3
1	1	0	147	149
1	1	0	149	4
1	1	0	149	148
1	1	0	147	4
1	1	0	149	1
1	1	0	146	149
1	1	0	147	148
1	1	0	146	3
1	1	0	2	148
1	1	0	148	4
1	1	0	149	3
1	1	0	148	150
1	1	0	150	5
1	1	0	149	151
1	1	0	151	6
1	1	0	151	150
1	1	0	149	6
1	1	0	151	4
1	1	0	148	151
1	1	0	149	150
1	1	0	148	5
1	1	0	3	150
1	1	0	150	6
1	1	0	151	5
1	1	0	150	152
1	1	0	152	7
1	1	0	151	153
1	1	0	153	8
1	1	0	153	152
1	1	0	151	8
1	1	0	153	6
1	1	0	150	153
1	1	0	151	152
1	1	0	150	7
1	1	0	5	152
1	1	0	152	8
1	1	0	153	7
1	1	0	152	154
1	1	0	154	9
1	1	0	153	155
1	1	0	155	10
1	1	0	155	154
1	1	0	153	10
1	1	0	155	8
1	1	0	152	155
1	1	0	153	154
1	1	0	152	9
1	1	0	7	154
1	1	0	154	10
1	1	0	155	9
1	1	0	154	156
1	1	0	156	11
1	1	0	155	157
1	1	0	157	12
1	1	0	157	156
1	1	0	155	12
1	1	0	157	10
1	1	0	154	157
1	1	0	155	156
1	1	0	154	11
1	1	0	9	156
1	1	0	156	12
1	1	0	157	11
1	1	0	156	158
1	1	0	158	13
1	1	0	157	159
1	1	0	159	14
1	1	0	159	158
1	1	0	157	14
1	1	0	159	12
1	1	0	156	159
1	1	0	157	158
1	1	0	156	13
1	1	0	11	158
1	1	0	158	14
1	1	0	159	13
1	1	0	158	160
1	1	0	160	15
1	1	0	159	161
1	1	0	161	16
1	1	0	161	160
1	1	0	159	16
1	1	0	161	14
1	1	0	158	161
1	1	0	159	160
1	1	0	158	15
1	1	0	13	160
1	1	0	160	16
1	1	0	161	15
1	1	0	160	162
1	1	0	162	17
1	1	0	161	163
1	1	0	163	18
1	1	0	163	162
1	1	0	161	18
1	1	0	163	16
1	1	0	160	163
1	1	0	161	162
1	1	0	160	17
1	1	0	15	162
1	1	0	162	18
1	1	0	163	17
1	1	0	162	164
1	1	0	164	19
1	1	0	163	165
1	1	0	165	20
1	1	0	165	164
1	1	0	163	20
1	1	0	165	18
1	1	0	162	165
1	1	0	163	164
1	1	0	162	19
1	1	0	17	164
1	1	0	164	20
1	1	0	165	19
1	1	0	164	166
1	1	0	166	21
1	1	0	165	167
1	1	0	167	22
1	1	0	167	166
1	1	0	165	22
1	1	0	167	20
1	1	0	164	167
1	1	0	165	166
1	1	0	164	21
1	1	0	19	166
1	1	0	166	22
1	1	0	167	21
1	1	0	166	168
1	1	0	168	23
1	1	0	167	169
1	1	0	169	24
1	1	0	169	168
1	1	0	167	24
1	1	0	169	22
1	1	0	166	169
1	1	0	167	168
1	1	0	166	23
1	1	0	21	168
1	1	0	168	24
1	1	0	169	23
1	1	0	168	170
1	1	0	170	25
1	1	0	169	171
1	1	0	171	26
1	1	0	171	170
1	1	0	169	26
1	1	0	171	24
1	1	0	168	171
1	1	0	169	170
1	1	0	168	25
1	1	0	23	170
1	1	0	170	26
1	1	0	171	25
1	1	0	170	172
1	1	0	172	27
1	1	0	171	173
1	1	0	173	28
1	1	0	173	172
1	1	0	171	28
1	1	0	173	26
1	1	0	170	173
1	1	0	171	172
1	1	0	170	27
1	1	0	25	172
1	1	0	172	28
1	1	0	173	27
1	1	0	172	174
1	1	0	174	29
1	1	0	173	175
1	1	0	175	30
1	1	0	175	174
1	1	0	173	30
1	1	0	175	28
1	1	0	172	175
1	1	0	173	174
1	1	0	172	29
1	1	0	27	174
1	1	0	174	30
1	1	0	175	29
1	1	0	174	176
1	1	0	176	31
1	1	0	175	177
1	1	0	177	32
1	1	0	177	176
1	1	0	175	32
1	1	0	177	30
1	1	0	174	177
1	1	0	175	176
1	1	0	174	31
1	1	0	29	176
1	1	0	176	32
1	1	0	177	31
1	1	0	176	178
1	1	0	178	33
1	1	0	177	179
1	1	0	179	34
1	1	0	179	178
1	1	0	177	34
1	1	0	179	32
1	1	0	176	179
1	1	0	177	178
1	1	0	176	33
1	1	0	31	178
1	1	0	178	34
1	1	0	179	33
1	1	0	178	180
1	1	0	180	35
1	1	0	179	181
1	1	0	181	36
1	1	0	181	180
1	1	0	179	36
1	1	0	181	34
1	1	0	178	181
1	1	0	179	180
1	1	0	178	35
1	1	0	33	180
1	1	0	180	36
1	1	0	181	35
1	1	0	180	182
1	1	0	182	37
1	1	0	181	183
1	1	0	183	38
1	1	0	183	182
1	1	0	181	38
1	1	0	183	36
1	1	0	180	183
1	1	0	181	182
1	1	0	180	37
1	1	0	35	182
1	1	0	182	38
1	1	0	183	37
1	1	0	182	184
1	1	0	184	39
1	1	0	183	185
1	1	0	185	40
1	1	0	185	184
1	1	0	183	40
1	1	0	185	38
1	1	0	182	185
1	1	0	183	184
1	1	0	182	39
1	1	0	37	184
1	1	0	184	40
1	1	0	185	39
1	1	0	184	186
1	1	0	186	41
1	1	0	185	187
1	1	0	187	42
1	1	0	187	186
1	1	0	185	42
1	1	0	187	40
1	1	0	184	187
1	1	0	185	186
1	1	0	184	41
1	1	0	39	186
1	1	0	186	42
1	1	0	187	41
1	1	0	186	188
1	1	0	188	43
1	1	0	187	189
1	1	0	189	44
1	1	0	189	188
1	1	0	187	44
1	1	0	189	42
1	1	0	186	189
1	1	0	187	188
1	1	0	186	43
1	1	0	41	188
1	1	0	188	44
1	1	0	189	43
1	1	0	188	190
1	1	0	190	45
1	1	0	189	191
1	1	0	191	46
1	1	0	191	190
1	1	0	189	46
1	1	0	191	44
1	1	0	188	191
1	1	0	189	190
1	1	0	188	45
1	1	0	43	190
1	1	0	190	46
1	1	0	191	45
1	1	0	190	192
1	1	0	192	47
1	1	0	191	193
1	1	0	193	48
1	1	0	193	192
1	1	0	191	48
1	1	0	193	46
1	1	0	190	193
1	1	0	191	192
1	1	0	190	47
1	1	0	45	192
1	1	0	192	48
1	1	0	193	47
1	1	0	192	194
1	1	0	194	49
1	1	0	193	195
1	1	0	195	50
1	1	0	195	194
1	1	0	193	50
1	1	0	195	48
1	1	0	192	195
1	1	0	193	194
1	1	0	192	49
1	1	0	47	194
1	1	0	194	50
1	1	0	195	49
1	1	0	194	196
1	1	0	196	51
1	1	0	195	197
1	1	0	197	52
1	1	0	197	196
1	1	0	195	52
1	1	0	197	50
1	1	0	194	197
1	1	0	195	196
1	1	0	194	51
1	1	0	49	196
1	1	0	196	52
1	1	0	197	51
1	1	0	196	198
1	1	0	198	53
1	1	0	197	199
1	1	0	199	54
1	1	0	199	198
1	1	0	197	54
1	1	0	199	52
1	1	0	196	199
1	1	0	197	198
1	1	0	196	53
1	1	0	51	198
1	1	0	198	54
1	1	0	199	53
1	1	0	198	200
1	1	0	200	55
1	1	0	199	201
1	1	0	201	56
1	1	0	201	200
1	1	0	199	56
1	1	0	201	54
1	1	0	198	201
1	1	0	199	200
1	1	0	198	55
1	1	0	53	200
1	1	0	200	56
1	1	0	201	55
1	1	0	200	202
1	1	0	202	57
1	1	0	201	203
1	1	0	203	58
1	1	0	203	202
1	1	0	201	58
1	1	0	203	56
1	1	0	200	203
1	1	0	201	202
1	1	0	200	57
1	1	0	55	202
1	1	0	202	58
1	1	0	203	57
1	1	0	202	204
1	1	0	204	59
1	1	0	203	205
1	1	0	205	60
1	1	0	205	204
1	1	0	203	60
1	1	0	205	58
1	1	0	202	205
1	1	0	203	204
1	1	0	202	59
1	1	0	57	204
1	1	0	204	60
1	1	0	205	59
1	1	0	204	206
1	1	0	206	61
1	1	0	205	207
1	1	0	207	62
1	1	0	207	206
1	1	0	205	62
1	1	0	207	60
1	1	0	204	207
1	1	0	205	206
1	1	0	204	61
1	1	0	59	206
1	1	0	206	62
1	1	0	207	61
1	1	0	206	208
1	1	0	208	65
1	1	0	207	209
1	1	0	209	66
1	1	0	209	208
1	1	0	207	66
1	1	0	209	62
1	1	0	206	209
1	1	0	207	208
1	1	0	206	65
1	1	0	61	208
1	1	0	208	66
1	1	0	209	65
1	1	0	208	210
1	1	0	210	139
1	1	0	209	211
1	1	0	211	140
1	1	0	211	210
1	1	0	209	140
1	1	0	211	66
1	1	0	208	211
1	1	0	209	210
1	1	0	208	139
1	1	0	65	210
1	1	0	210	140
1	1	0	211	139
1	1	0	210	212
1	1	0	212	141
1	1	0	211	213
1	1	0	213	142
1	1	0	213	212
1	1	0	211	142
1	1	0	213	140
1	1	0	210	213
1	1	0	211	212
1	1	0	210	141
1	1	0	139	212
1	1	0	212	142
1	1	0	213	141
1	1	0	212	214
1	1	0	214	143
1	1	0	213	215
1	1	0	215	144
1	1	0	215	214
1	1	0	213	144
1	1	0	215	142
1	1	0	212	215
1	1	0	213	214
1	1	0	212	143
1	1	0	141	214
1	1	0	214	144
1	1	0	215	143
1	1	0	145	215
1	1	0	145	214
1	1	0	145	143
1	1	0	145	144
1	1	0	137	216
1	1	0	216	217
1	1	0	217	138
1	1	0	138	216
1	1	0	217	137
1	1	0	217	199
1	1	0	216	201
1	1	0	56	216
1	1	0	54	217
1	1	0	199	216
1	1	0	201	217
1	1	0	199	138
1	1	0	201	137
1	1	0	135	218
1	1	0	218	219
1	1	0	219	136
1	1	0	136	218
1	1	0	219	135
1	1	0	219	217
1	1	0	218	216
1	1	0	137	218
1	1	0	138	219
1	1	0	217	218
1	1	0	216	219
1	1	0	217	136
1	1	0	216	135
1	1	0	133	220
1	1	0	220	221
1	1	0	221	134
1	1	0	134	220
1	1	0	221	133
1	1	0	221	219
1	1	0	220	218
1	1	0	135	220
1	1	0	136	221
1	1	0	219	220
1	1	0	218	221
1	1	0	219	134
1	1	0	218	133
1	1	0	131	222
1	1	0	222	223
1	1	0	223	132
1	1	0	132	222
1	1	0	223	131
1	1	0	223	221
1	1	0	222	220
1	1	0	133	222
1	1	0	134	223
1	1	0	221	222
1	1	0	220	223
1	1	0	221	132
1	1	0	220	131
1	1	0	129	224
1	1	0	224	225
1	1	0	225	130
1	1	0	130	224
1	1	0	225	129
1	1	0	225	223
1	1	0	224	222
1	1	0	131	224
1	1	0	132	225
1	1	0	223	224
1	1	0	222	225
1	1	0	223	130
1	1	0	222	129
1	1	0	127	226
1	1	0	226	227
1	1	0	227	128
1	1	0	128	226
1	1	0	227	127
1	1	0	227	225
1	1	0	226	224
1	1	0	129	226
1	1	0	130	227
1	1	0	225	226
1	1	0	224	227
1	1	0	225	128
1	1	0	224	127
1	1	0	125	228
1	1	0	228	229
1	1	0	229	126
1	1	0	126	228
1	1	0	229	125
1	1	0	229	227
1	1	0	228	226
1	1	0	127	228
1	1	0	128	229
1	1	0	227	228
1	1	0	226	229
1	1	0	227	126
1	1	0	226	125
1	1	0	123	230
1	1	0	230	231
1	1	0	231	124
1	1	0	124	230
1	1	0	231	123
1	1	0	231	229
1	1	0	230	228
1	1	0	125	230
1	1	0	126	231
1	1	0	229	230
1	1	0	228	231
1	1	0	229	124
1	1	0	228	123
1	1	0	121	232
1	1	0	232	233
1	1	0	233	122
1	1	0	122	232
1	1	0	233	121
1	1	0	233	231
1	1	0	232	230
1	1	0	123	232
1	1	0	124	233
1	1	0	231	232
1	1	0	230	233
1	1	0	231	122
1	1	0	230	121
1	1	0	118	234
1	1	0	234	235
1	1	0	235	119
1	1	0	119	234
1	1	0	235	118
1	1	0	235	233
1	1	0	234	232
1	1	0	121	234
1	1	0	122	235
1	1	0	233	234
1	1	0	232	235
1	1	0	233	119
1	1	0	232	118
1	1	0	117	236
1	1	0	236	237
1	1	0	237	120
1	1	0	120	236
1	1	0	237	117
1	1	0	237	235
1	1	0	236	234
1	1	0	118	236
1	1	0	119	237
1	1	0	235	236
1	1	0	234	237
1	1	0	235	120
1	1	0	234	117
1	1	0	236	145
1	1	0	145	234
1	1	0	238	239
1	1	0	238	63
1	1	0	239	64
1	1	0	198	238
1	1	0	200	239
1	1	0	63	200
1	1	0	64	198
1	1	0	238	200
1	1	0	239	198
1	1	0	238	53
1	1	0	239	55
1	1	0	240	241
1	1	0	240	67
1	1	0	241	68
1	1	0	238	240
1	1	0	239	241
1	1	0	67	239
1	1	0	68	238
1	1	0	240	239
1	1	0	241	238
1	1	0	240	64
1	1	0	241	63
1	1	0	238	64
1	1	0	240	68
1	1	0	239	63
1	1	0	241	67
1	1	0	242	243
1	1	0	242	69
1	1	0	243	70
1	1	0	240	242
1	1	0	241	243
1	1	0	69	241
1	1	0	70	240
1	1	0	242	241
1	1	0	243	240
1	1	0	242	68
1	1	0	243	67
1	1	0	242	70
1	1	0	243	69
1	1	0	244	245
1	1	0	244	71
1	1	0	245	72
1	1	0	242	244
1	1	0	243	245
1	1	0	71	243
1	1	0	72	242
1	1	0	244	243
1	1	0	245	242
1	1	0	244	70
1	1	0	245	69
1	1	0	244	72
1	1	0	245	71
1	1	0	246	247
1	1	0	246	73
1	1	0	247	74
1	1	0	244	246
1	1	0	245	247
1	1	0	73	245
1	1	0	74	244
1	1	0	246	245
1	1	0	247	244
1	1	0	246	72
1	1	0	247	71
1	1	0	246	74
1	1	0	247	73
1	1	0	248	249
1	1	0	248	75
1	1	0	249	76
1	1	0	246	248
1	1	0	247	249
1	1	0	75	247
1	1	0	76	246
1	1	0	248	247
1	1	0	249	246
1	1	0	248	74
1	1	0	249	73
1	1	0	248	76
1	1	0	249	75
1	1	0	250	251
1	1	0	250	77
1	1	0	251	78
1	1	0	248	250
1	1	0	249	251
1	1	0	77	249
1	1	0	78	248
1	1	0	250	249
1	1	0	251	248
1	1	0	250	76
1	1	0	251	75
1	1	0	250	78
1	1	0	251	77
1	1	0	252	253
1	1	0	252	79
1	1	0	253	80
1	1	0	250	252
1	1	0	251	253
1	1	0	79	251
1	1	0	80	250
1	1	0	252	251
1	1	0	253	250
1	1	0	252	78
1	1	0	253	77
1	1	0	252	80
1	1	0	253	79
1	1	0	254	255
1	1	0	254	81
1	1	0	255	82
1	1	0	252	254
1	1	0	253	255
1	1	0	81	253
1	1	0	82	252
1	1	0	254	253
1	1	0	255	252
1	1	0	254	80
1	1	0	255	79
1	1	0	254	82
1	1	0	255	81
1	1	0	256	257
1	1	0	256	83
1	1	0	257	84
1	1	0	254	256
1	1	0	255	257
1	1	0	83	255
1	1	0	84	254
1	1	0	256	255
1	1	0	257	254
1	1	0	256	82
1	1	0	257	81
1	1	0	256	84
1	1	0	257	83
1	1	0	258	259
1	1	0	258	85
1	1	0	259	86
1	1	0	256	258
1	1	0	257	259
1	1	0	85	257
1	1	0	86	256
1	1	0	258	257
1	1	0	259	256
1	1	0	258	84
1	1	0	259	83
1	1	0	258	86
1	1	0	259	85
1	1	0	260	261
1	1	0	260	87
1	1	0	261	88
1	1	0	258	260
1	1	0	259	261
1	1	0	87	259
1	1	0	88	258
1	1	0	260	259
1	1	0	261	258
1	1	0	260	86
1	1	0	261	85
1	1	0	260	88
1	1	0	261	87
1	1	0	262	263
1	1	0	262	89
1	1	0	263	90
1	1	0	260	262
1	1	0	261	263
1	1	0	89	261
1	1	0	90	260
1	1	0	262	261
1	1	0	263	260
1	1	0	262	88
1	1	0	263	87
1	1	0	262	90
1	1	0	263	89
1	1	0	264	265
1	1	0	264	91
1	1	0	265	92
1	1	0	262	264
1	1	0	263	265
1	1	0	91	263
1	1	0	92	262
1	1	0	264	263
1	1	0	265	262
1	1	0	264	90
1	1	0	265	89
1	1	0	264	92
1	1	0	265	91
1	1	0	266	267
1	1	0	266	93
1	1	0	267	94
1	1	0	264	266
1	1	0	265	267
1	1	0	93	265
1	1	0	94	264
1	1	0	266	265
1	1	0	267	264
1	1	0	266	92
1	1	0	267	91
1	1	0	266	94
1	1	0	267	93
1	1	0	268	269
1	1	0	268	95
1	1	0	269	96
1	1	0	266	268
1	1	0	267	269
1	1	0	95	267
1	1	0	96	266
1	1	0	268	267
1	1	0	269	266
1	1	0	268	94
1	1	0	269	93
1	1	0	268	96
1	1	0	269	95
1	1	0	270	271
1	1	0	270	97
1	1	0	271	98
1	1	0	268	270
1	1	0	269	271
1	1	0	97	269
1	1	0	98	268
1	1	0	270	269
1	1	0	271	268
1	1	0	270	96
1	1	0	271	95
1	1	0	270	98
1	1	0	271	97
1	1	0	272	273
1	1	0	272	99
1	1	0	273	100
1	1	0	270	272
1	1	0	271	273
1	1	0	99	271
1	1	0	100	270
1	1	0	272	271
1	1	0	273	270
1	1	0	272	98
1	1	0	273	97
1	1	0	272	100
1	1	0	273	99
1	1	0	274	275
1	1	0	274	101
1	1	0	275	102
1	1	0	272	274
1	1	0	273	275
1	1	0	101	273
1	1	0	102	272
1	1	0	274	273
1	1	0	275	272
1	1	0	274	100
1	1	0	275	99
1	1	0	274	102
1	1	0	275	101
1	1	0	276	277
1	1	0	276	103
1	1	0	277	104
1	1	0	274	276
1	1	0	275	277
1	1	0	103	275
1	1	0	104	274
1	1	0	276	275
1	1	0	277	274
1	1	0	276	102
1	1	0	277	101
1	1	0	276	104
1	1	0	277	103
1	1	0	278	279
1	1	0	278	105
1	1	0	279	106
1	1	0	276	278
1	1	0	277	279
1	1	0	105	277
1	1	0	106	276
1	1	0	278	277
1	1	0	279	276
1	1	0	278	104
1	1	0	279	103
1	1	0	278	106
1	1	0	279	105
1	1	0	280	281
1	1	0	280	107
1	1	0	281	108
1	1	0	278	280
1	1	0	279	281
1	1	0	107	279
1	1	0	108	278
1	1	0	280	279
1	1	0	281	278
1	1	0	280	106
1	1	0	281	105
1	1	0	280	108
1	1	0	281	107
1	1	0	282	283
1	1	0	282	109
1	1	0	283	110
1	1	0	280	282
1	1	0	281	283
1	1	0	109	281
1	1	0	110	280
1	1	0	282	281
1	1	0	283	280
1	1	0	282	108
1	1	0	283	107
1	1	0	282	110
1	1	0	283	109
1	1	0	284	285
1	1	0	284	111
1	1	0	285	112
1	1	0	282	284
1	1	0	283	285
1	1	0	111	283
1	1	0	112	282
1	1	0	284	283
1	1	0	285	282
1	1	0	284	110
1	1	0	285	109
1	1	0	284	112
1	1	0	285	111
1	1	0	286	287
1	1	0	286	113
1	1	0	287	114
1	1	0	284	286
1	1	0	285	287
1	1	0	113	285
1	1	0	114	284
1	1	0	286	285
1	1	0	287	284
1	1	0	286	112
1	1	0	287	111
1	1	0	286	114
1	1	0	287	113
1	1	0	288	289
1	1	0	288	115
1	1	0	289	116
1	1	0	286	288
1	1	0	287	289
1	1	0	115	287
1	1	0	116	286
1	1	0	288	287
1	1	0	289	286
1	1	0	288	114
1	1	0	289	113
1	1	0	288	116
1	1	0	289	115
1	1	0	289	145
1	1	0	259	145

Number of displacement conditions nodes
4

Displacement conditions nodes matrix
Displacement node  X condition   Y condition   Z condition
1	0	0	0
2	0	0	0
146	0	0	0
147	0	0	0

Number of puntual load conditions
12

Puntual loads conditions nodes matrix
Load node       FX            FY           FZ
91	0	0	-100
93	0	0	-100
95	0	0	-100
125	0	0	-188.7179
127	0	0	-188.7179
129	0	0	-188.7179
224	0	0	-188.7179
226	0	0	-188.7179
228	0	0	-188.7179
265	0	0	-100
267	0	0	-100
269	0	0	-100

Number of dead volume load conditions
0

Dead volume loads conditions matrix
Element           bx                  by                  bz

Number of springs conditions nodes
0

Springs conditions nodes matrix
Spring node  X condition   Y condition   Z condition 

Scale Factor
SD_Deformed   Supports    Areas    Forces    Frames    Numbers    LD_Deformed
   70           1         1         1         0.05         1         70

What you wanna see? (Yes=1, No=0)
Indeformed   SD_Deformed   SD_Axial   LD_Deformed    LD_Axial     Convergence
	1                 1            1          1             1              1

Of selectet plots, wich of them you wanna print in a .png image? (Yes=1, No=0)
	Indeformed   SD_Deformed  SD_Axial   LD_Deformed   LD_Axial     Convergence
	1                 1            1          1            1             1

How many images do you wanna see for small deformation?
SD_Deformed   SD_Axial  
	1               1

What you wanna see in plots? (Yes=1, No=0)
Supports   Node_Numbers   Elements_Numbers   Forces          Axial_Force_Value
	1               0                0              1                   0

For 3D plots, what you wanna see? (Yes=1, No=0)
If you choose Dif_View=1 IETFEM use default AZIMUTH and ELEVATION, if you choose Dif_View=0 you must type aximuth and elevation in degrees.
XY_plane    XZ_plane    YZ_plane    Dif_View   AZIMUTH(degree)   ELEVATION(degree)   
	   1            1           1           0           150               15   

Text output format (Yes=1, No=0)
TXT  TEX
1     1
