================== Fuerza Axial IETFEM v2.11 ===========================


Archivo de entrada: ../../input/3D/Truss_3D_sd/grua.txt  ... 

Tiempo en resolver: 1604.753 

Tipo de problema: Truss 3D pequeñas deformaciones y desplazamientos

Magnitud de fuerza: kN 

Número de elementos: 1294 


Fuerza Axial con análisis Lineal: 

---------------------------------- 
| Elemento |  Fuerza Axial (kN)  | 
---------------------------------- 
|        1 |        0.00e+000    | 
|        2 |       -1.04e+003    | 
|        3 |        8.92e+001    | 
|        4 |        4.93e+002    | 
|        5 |       -1.14e+002    | 
|        6 |       -1.14e+002    | 
|        7 |       -1.10e+003    | 
|        8 |        8.43e+001    | 
|        9 |        5.18e+002    | 
|       10 |       -1.01e+002    | 
|       11 |       -1.01e+002    | 
|       12 |       -1.09e+003    | 
|       13 |        8.46e+001    | 
|       14 |        5.14e+002    | 
|       15 |       -1.02e+002    | 
|       16 |       -1.02e+002    | 
|       17 |       -1.09e+003    | 
|       18 |        8.46e+001    | 
|       19 |        5.15e+002    | 
|       20 |       -1.02e+002    | 
|       21 |       -1.02e+002    | 
|       22 |       -1.09e+003    | 
|       23 |        8.46e+001    | 
|       24 |        5.15e+002    | 
|       25 |       -1.02e+002    | 
|       26 |       -1.02e+002    | 
|       27 |       -1.09e+003    | 
|       28 |        8.46e+001    | 
|       29 |        5.15e+002    | 
|       30 |       -1.02e+002    | 
|       31 |       -1.02e+002    | 
|       32 |       -1.09e+003    | 
|       33 |        8.46e+001    | 
|       34 |        5.15e+002    | 
|       35 |       -1.02e+002    | 
|       36 |       -1.02e+002    | 
|       37 |       -1.09e+003    | 
|       38 |        8.46e+001    | 
|       39 |        5.15e+002    | 
|       40 |       -1.02e+002    | 
|       41 |       -1.02e+002    | 
|       42 |       -1.09e+003    | 
|       43 |        8.46e+001    | 
|       44 |        5.15e+002    | 
|       45 |       -1.02e+002    | 
|       46 |       -1.02e+002    | 
|       47 |       -1.09e+003    | 
|       48 |        8.46e+001    | 
|       49 |        5.15e+002    | 
|       50 |       -1.02e+002    | 
|       51 |       -1.02e+002    | 
|       52 |       -1.09e+003    | 
|       53 |        8.46e+001    | 
|       54 |        5.15e+002    | 
|       55 |       -1.02e+002    | 
|       56 |       -1.02e+002    | 
|       57 |       -1.09e+003    | 
|       58 |        8.46e+001    | 
|       59 |        5.15e+002    | 
|       60 |       -1.02e+002    | 
|       61 |       -1.02e+002    | 
|       62 |       -1.09e+003    | 
|       63 |        8.46e+001    | 
|       64 |        5.15e+002    | 
|       65 |       -1.02e+002    | 
|       66 |       -1.02e+002    | 
|       67 |       -1.09e+003    | 
|       68 |        8.46e+001    | 
|       69 |        5.15e+002    | 
|       70 |       -1.02e+002    | 
|       71 |       -1.02e+002    | 
|       72 |       -1.09e+003    | 
|       73 |        8.46e+001    | 
|       74 |        5.15e+002    | 
|       75 |       -1.02e+002    | 
|       76 |       -1.02e+002    | 
|       77 |       -1.09e+003    | 
|       78 |        8.46e+001    | 
|       79 |        5.15e+002    | 
|       80 |       -1.02e+002    | 
|       81 |       -1.02e+002    | 
|       82 |       -1.09e+003    | 
|       83 |        8.46e+001    | 
|       84 |        5.15e+002    | 
|       85 |       -1.02e+002    | 
|       86 |       -1.02e+002    | 
|       87 |       -1.09e+003    | 
|       88 |        8.46e+001    | 
|       89 |        5.15e+002    | 
|       90 |       -1.02e+002    | 
|       91 |       -1.02e+002    | 
|       92 |       -1.09e+003    | 
|       93 |        8.46e+001    | 
|       94 |        5.15e+002    | 
|       95 |       -1.02e+002    | 
|       96 |       -1.02e+002    | 
|       97 |       -1.09e+003    | 
|       98 |        8.46e+001    | 
|       99 |        5.15e+002    | 
|      100 |       -1.02e+002    | 
|      101 |       -1.02e+002    | 
|      102 |       -1.09e+003    | 
|      103 |        8.46e+001    | 
|      104 |        5.15e+002    | 
|      105 |       -1.02e+002    | 
|      106 |       -1.02e+002    | 
|      107 |       -1.09e+003    | 
|      108 |        8.45e+001    | 
|      109 |        5.15e+002    | 
|      110 |       -1.02e+002    | 
|      111 |       -1.02e+002    | 
|      112 |       -1.09e+003    | 
|      113 |        8.54e+001    | 
|      114 |        5.15e+002    | 
|      115 |       -1.02e+002    | 
|      116 |       -1.02e+002    | 
|      117 |       -1.09e+003    | 
|      118 |        7.78e+001    | 
|      119 |        5.15e+002    | 
|      120 |       -1.04e+002    | 
|      121 |       -1.04e+002    | 
|      122 |       -1.09e+003    | 
|      123 |        1.42e+002    | 
|      124 |        5.13e+002    | 
|      125 |       -9.05e+001    | 
|      126 |       -9.05e+001    | 
|      127 |       -1.05e+003    | 
|      128 |       -4.59e+002    | 
|      129 |        5.48e+002    | 
|      130 |       -2.05e+002    | 
|      131 |       -2.05e+002    | 
|      132 |       -8.44e+002    | 
|      133 |        3.38e+002    | 
|      134 |        4.95e+002    | 
|      135 |        5.70e+001    | 
|      136 |       -2.92e+002    | 
|      137 |       -8.48e+002    | 
|      138 |        2.07e+001    | 
|      139 |        4.59e+002    | 
|      140 |        6.79e+001    | 
|      141 |       -8.28e+001    | 
|      142 |       -7.51e+002    | 
|      143 |        5.58e+001    | 
|      144 |        3.98e+002    | 
|      145 |        6.10e+000    | 
|      146 |       -1.45e+002    | 
|      147 |       -6.63e+002    | 
|      148 |        5.16e+001    | 
|      149 |        3.08e+002    | 
|      150 |        1.33e+001    | 
|      151 |       -1.37e+002    | 
|      152 |        4.22e+002    | 
|      153 |        1.41e+002    | 
|      154 |       -6.19e+002    | 
|      155 |       -2.52e+002    | 
|      156 |       -1.99e+002    | 
|      157 |       -5.75e+002    | 
|      158 |        5.21e+001    | 
|      159 |        2.20e+002    | 
|      160 |        1.24e+001    | 
|      161 |       -1.38e+002    | 
|      162 |        3.34e+002    | 
|      163 |        3.43e+001    | 
|      164 |       -6.53e+002    | 
|      165 |       -6.22e+001    | 
|      166 |       -9.38e+000    | 
|      167 |        3.06e+002    | 
|      168 |        4.72e+001    | 
|      169 |       -6.18e+002    | 
|      170 |       -8.40e+001    | 
|      171 |       -3.12e+001    | 
|      172 |        2.75e+002    | 
|      173 |        4.55e+001    | 
|      174 |       -5.87e+002    | 
|      175 |       -8.13e+001    | 
|      176 |       -2.85e+001    | 
|      177 |        2.44e+002    | 
|      178 |        4.57e+001    | 
|      179 |       -5.56e+002    | 
|      180 |       -8.16e+001    | 
|      181 |       -2.88e+001    | 
|      182 |        2.13e+002    | 
|      183 |        4.57e+001    | 
|      184 |       -5.25e+002    | 
|      185 |       -8.16e+001    | 
|      186 |       -2.88e+001    | 
|      187 |        1.82e+002    | 
|      188 |        4.57e+001    | 
|      189 |       -4.95e+002    | 
|      190 |       -8.16e+001    | 
|      191 |       -2.88e+001    | 
|      192 |        1.51e+002    | 
|      193 |        4.56e+001    | 
|      194 |       -4.64e+002    | 
|      195 |       -8.16e+001    | 
|      196 |       -2.88e+001    | 
|      197 |        1.21e+002    | 
|      198 |        4.65e+001    | 
|      199 |       -4.33e+002    | 
|      200 |       -8.14e+001    | 
|      201 |       -2.86e+001    | 
|      202 |        8.95e+001    | 
|      203 |        3.93e+001    | 
|      204 |       -4.01e+002    | 
|      205 |       -8.29e+001    | 
|      206 |       -3.01e+001    | 
|      207 |        5.84e+001    | 
|      208 |        1.01e+002    | 
|      209 |       -3.75e+002    | 
|      210 |       -7.06e+001    | 
|      211 |       -1.78e+001    | 
|      212 |        1.57e+002    | 
|      213 |        7.26e+000    | 
|      214 |       -2.80e+002    | 
|      215 |       -1.82e+002    | 
|      216 |        1.74e+002    | 
|      217 |       -3.86e+001    | 
|      218 |        1.95e+001    | 
|      219 |       -6.76e+001    | 
|      220 |       -1.98e+002    | 
|      221 |        1.58e+002    | 
|      222 |       -2.45e+002    | 
|      223 |       -1.39e+001    | 
|      224 |        1.43e+002    | 
|      225 |       -2.02e+002    | 
|      226 |        1.54e+002    | 
|      227 |       -4.08e+002    | 
|      228 |       -1.01e+001    | 
|      229 |        3.11e+002    | 
|      230 |       -1.37e+002    | 
|      231 |        7.70e+001    | 
|      232 |       -4.92e+002    | 
|      233 |       -1.38e+001    | 
|      234 |        3.96e+002    | 
|      235 |       -6.67e+001    | 
|      236 |        6.36e+000    | 
|      237 |       -4.97e+002    | 
|      238 |        1.86e+001    | 
|      239 |        3.95e+002    | 
|      240 |        9.92e+000    | 
|      241 |       -5.85e+001    | 
|      242 |       -4.60e+002    | 
|      243 |        1.53e+001    | 
|      244 |        3.53e+002    | 
|      245 |        1.59e+001    | 
|      246 |       -5.25e+001    | 
|      247 |       -4.20e+002    | 
|      248 |        1.57e+001    | 
|      249 |        3.13e+002    | 
|      250 |        1.52e+001    | 
|      251 |       -5.31e+001    | 
|      252 |       -3.80e+002    | 
|      253 |        1.56e+001    | 
|      254 |        2.73e+002    | 
|      255 |        1.53e+001    | 
|      256 |       -5.31e+001    | 
|      257 |       -3.40e+002    | 
|      258 |        1.56e+001    | 
|      259 |        2.33e+002    | 
|      260 |        1.53e+001    | 
|      261 |       -5.31e+001    | 
|      262 |       -3.00e+002    | 
|      263 |        1.56e+001    | 
|      264 |        1.93e+002    | 
|      265 |        1.53e+001    | 
|      266 |       -5.31e+001    | 
|      267 |       -2.60e+002    | 
|      268 |        1.56e+001    | 
|      269 |        1.53e+002    | 
|      270 |        1.53e+001    | 
|      271 |       -5.31e+001    | 
|      272 |       -2.20e+002    | 
|      273 |        1.58e+001    | 
|      274 |        1.13e+002    | 
|      275 |        1.54e+001    | 
|      276 |       -5.30e+001    | 
|      277 |       -1.80e+002    | 
|      278 |        1.42e+001    | 
|      279 |        7.32e+001    | 
|      280 |        1.50e+001    | 
|      281 |       -5.34e+001    | 
|      282 |       -1.38e+002    | 
|      283 |        2.57e+001    | 
|      284 |        3.20e+001    | 
|      285 |        1.76e+001    | 
|      286 |       -5.08e+001    | 
|      287 |       -9.39e+001    | 
|      288 |        9.01e+001    | 
|      289 |        2.41e+001    | 
|      290 |       -3.00e+001    | 
|      291 |        4.77e+001    | 
|      292 |       -4.29e+002    | 
|      293 |        2.84e+001    | 
|      294 |        1.83e+002    | 
|      295 |       -2.23e+002    | 
|      296 |        1.59e+002    | 
|      297 |       -6.52e+002    | 
|      298 |        4.16e+001    | 
|      299 |        4.11e+002    | 
|      300 |       -2.34e+002    | 
|      301 |        1.48e+002    | 
|      302 |       -8.70e+002    | 
|      303 |       -2.03e+001    | 
|      304 |        6.38e+002    | 
|      305 |       -2.44e+002    | 
|      306 |        1.39e+002    | 
|      307 |       -1.01e+003    | 
|      308 |       -1.33e+001    | 
|      309 |        7.87e+002    | 
|      310 |       -1.22e+002    | 
|      311 |       -6.23e+000    | 
|      312 |       -9.99e+002    | 
|      313 |       -2.02e+001    | 
|      314 |        7.76e+002    | 
|      315 |        1.18e+001    | 
|      316 |       -1.40e+002    | 
|      317 |       -8.38e+002    | 
|      318 |        4.09e+001    | 
|      319 |        6.06e+002    | 
|      320 |        1.56e+002    | 
|      321 |       -2.62e+002    | 
|      322 |       -5.99e+002    | 
|      323 |        3.39e+001    | 
|      324 |        3.58e+002    | 
|      325 |        1.67e+002    | 
|      326 |       -2.51e+002    | 
|      327 |       -3.54e+002    | 
|      328 |        4.16e+001    | 
|      329 |        1.13e+002    | 
|      330 |        1.68e+002    | 
|      331 |       -2.51e+002    | 
|      332 |       -1.07e+002    | 
|      333 |       -1.56e+001    | 
|      334 |       -1.31e+002    | 
|      335 |        1.56e+002    | 
|      336 |       -2.62e+002    | 
|      337 |        1.06e+002    | 
|      338 |       -3.98e+002    | 
|      339 |        2.56e+002    | 
|      340 |       -1.62e+002    | 
|      341 |        1.50e+001    | 
|      342 |       -4.87e+002    | 
|      343 |        5.22e+001    | 
|      344 |        1.31e+002    | 
|      345 |        1.26e+001    | 
|      346 |       -1.38e+002    | 
|      347 |       -3.97e+002    | 
|      348 |        4.94e+001    | 
|      349 |        4.31e+001    | 
|      350 |        1.22e+001    | 
|      351 |       -1.39e+002    | 
|      352 |       -3.24e+002    | 
|      353 |        1.01e+002    | 
|      354 |       -5.03e+001    | 
|      355 |        1.93e+001    | 
|      356 |       -1.31e+002    | 
|      357 |        9.63e+001    | 
|      358 |        3.56e+002    | 
|      359 |        3.76e+002    | 
|      360 |        1.67e+002    | 
|      361 |        0.00e+000    | 
|      362 |        0.00e+000    | 
|      363 |        0.00e+000    | 
|      364 |       -1.04e+003    | 
|      365 |        4.57e+002    | 
|      366 |        4.93e+002    | 
|      367 |       -2.79e+002    | 
|      368 |        8.92e+001    | 
|      369 |        1.77e+002    | 
|      370 |        1.77e+002    | 
|      371 |       -1.14e+002    | 
|      372 |       -1.14e+002    | 
|      373 |       -4.04e+002    | 
|      374 |       -4.04e+002    | 
|      375 |        8.92e+001    | 
|      376 |        8.92e+001    | 
|      377 |       -1.10e+003    | 
|      378 |        4.14e+002    | 
|      379 |        5.18e+002    | 
|      380 |       -2.45e+002    | 
|      381 |        8.43e+001    | 
|      382 |        1.28e+002    | 
|      383 |        1.28e+002    | 
|      384 |       -1.01e+002    | 
|      385 |       -1.01e+002    | 
|      386 |       -3.31e+002    | 
|      387 |       -3.31e+002    | 
|      388 |        8.43e+001    | 
|      389 |        8.43e+001    | 
|      390 |       -1.09e+003    | 
|      391 |        4.18e+002    | 
|      392 |        5.14e+002    | 
|      393 |       -2.49e+002    | 
|      394 |        8.46e+001    | 
|      395 |        1.34e+002    | 
|      396 |        1.34e+002    | 
|      397 |       -1.02e+002    | 
|      398 |       -1.02e+002    | 
|      399 |       -3.38e+002    | 
|      400 |       -3.38e+002    | 
|      401 |        8.46e+001    | 
|      402 |        8.46e+001    | 
|      403 |       -1.09e+003    | 
|      404 |        4.17e+002    | 
|      405 |        5.15e+002    | 
|      406 |       -2.48e+002    | 
|      407 |        8.46e+001    | 
|      408 |        1.33e+002    | 
|      409 |        1.33e+002    | 
|      410 |       -1.02e+002    | 
|      411 |       -1.02e+002    | 
|      412 |       -3.37e+002    | 
|      413 |       -3.37e+002    | 
|      414 |        8.46e+001    | 
|      415 |        8.46e+001    | 
|      416 |       -1.09e+003    | 
|      417 |        4.17e+002    | 
|      418 |        5.15e+002    | 
|      419 |       -2.48e+002    | 
|      420 |        8.46e+001    | 
|      421 |        1.33e+002    | 
|      422 |        1.33e+002    | 
|      423 |       -1.02e+002    | 
|      424 |       -1.02e+002    | 
|      425 |       -3.37e+002    | 
|      426 |       -3.37e+002    | 
|      427 |        8.46e+001    | 
|      428 |        8.46e+001    | 
|      429 |       -1.09e+003    | 
|      430 |        4.17e+002    | 
|      431 |        5.15e+002    | 
|      432 |       -2.48e+002    | 
|      433 |        8.46e+001    | 
|      434 |        1.33e+002    | 
|      435 |        1.33e+002    | 
|      436 |       -1.02e+002    | 
|      437 |       -1.02e+002    | 
|      438 |       -3.37e+002    | 
|      439 |       -3.37e+002    | 
|      440 |        8.46e+001    | 
|      441 |        8.46e+001    | 
|      442 |       -1.09e+003    | 
|      443 |        4.17e+002    | 
|      444 |        5.15e+002    | 
|      445 |       -2.48e+002    | 
|      446 |        8.46e+001    | 
|      447 |        1.33e+002    | 
|      448 |        1.33e+002    | 
|      449 |       -1.02e+002    | 
|      450 |       -1.02e+002    | 
|      451 |       -3.37e+002    | 
|      452 |       -3.37e+002    | 
|      453 |        8.46e+001    | 
|      454 |        8.46e+001    | 
|      455 |       -1.09e+003    | 
|      456 |        4.17e+002    | 
|      457 |        5.15e+002    | 
|      458 |       -2.48e+002    | 
|      459 |        8.46e+001    | 
|      460 |        1.33e+002    | 
|      461 |        1.33e+002    | 
|      462 |       -1.02e+002    | 
|      463 |       -1.02e+002    | 
|      464 |       -3.37e+002    | 
|      465 |       -3.37e+002    | 
|      466 |        8.46e+001    | 
|      467 |        8.46e+001    | 
|      468 |       -1.09e+003    | 
|      469 |        4.17e+002    | 
|      470 |        5.15e+002    | 
|      471 |       -2.48e+002    | 
|      472 |        8.46e+001    | 
|      473 |        1.33e+002    | 
|      474 |        1.33e+002    | 
|      475 |       -1.02e+002    | 
|      476 |       -1.02e+002    | 
|      477 |       -3.37e+002    | 
|      478 |       -3.37e+002    | 
|      479 |        8.46e+001    | 
|      480 |        8.46e+001    | 
|      481 |       -1.09e+003    | 
|      482 |        4.17e+002    | 
|      483 |        5.15e+002    | 
|      484 |       -2.48e+002    | 
|      485 |        8.46e+001    | 
|      486 |        1.33e+002    | 
|      487 |        1.33e+002    | 
|      488 |       -1.02e+002    | 
|      489 |       -1.02e+002    | 
|      490 |       -3.37e+002    | 
|      491 |       -3.37e+002    | 
|      492 |        8.46e+001    | 
|      493 |        8.46e+001    | 
|      494 |       -1.09e+003    | 
|      495 |        4.17e+002    | 
|      496 |        5.15e+002    | 
|      497 |       -2.48e+002    | 
|      498 |        8.46e+001    | 
|      499 |        1.33e+002    | 
|      500 |        1.33e+002    | 
|      501 |       -1.02e+002    | 
|      502 |       -1.02e+002    | 
|      503 |       -3.37e+002    | 
|      504 |       -3.37e+002    | 
|      505 |        8.46e+001    | 
|      506 |        8.46e+001    | 
|      507 |       -1.09e+003    | 
|      508 |        4.17e+002    | 
|      509 |        5.15e+002    | 
|      510 |       -2.48e+002    | 
|      511 |        8.46e+001    | 
|      512 |        1.33e+002    | 
|      513 |        1.33e+002    | 
|      514 |       -1.02e+002    | 
|      515 |       -1.02e+002    | 
|      516 |       -3.37e+002    | 
|      517 |       -3.37e+002    | 
|      518 |        8.46e+001    | 
|      519 |        8.46e+001    | 
|      520 |       -1.09e+003    | 
|      521 |        4.17e+002    | 
|      522 |        5.15e+002    | 
|      523 |       -2.48e+002    | 
|      524 |        8.46e+001    | 
|      525 |        1.33e+002    | 
|      526 |        1.33e+002    | 
|      527 |       -1.02e+002    | 
|      528 |       -1.02e+002    | 
|      529 |       -3.37e+002    | 
|      530 |       -3.37e+002    | 
|      531 |        8.46e+001    | 
|      532 |        8.46e+001    | 
|      533 |       -1.09e+003    | 
|      534 |        4.17e+002    | 
|      535 |        5.15e+002    | 
|      536 |       -2.48e+002    | 
|      537 |        8.46e+001    | 
|      538 |        1.33e+002    | 
|      539 |        1.33e+002    | 
|      540 |       -1.02e+002    | 
|      541 |       -1.02e+002    | 
|      542 |       -3.37e+002    | 
|      543 |       -3.37e+002    | 
|      544 |        8.46e+001    | 
|      545 |        8.46e+001    | 
|      546 |       -1.09e+003    | 
|      547 |        4.17e+002    | 
|      548 |        5.15e+002    | 
|      549 |       -2.48e+002    | 
|      550 |        8.46e+001    | 
|      551 |        1.33e+002    | 
|      552 |        1.33e+002    | 
|      553 |       -1.02e+002    | 
|      554 |       -1.02e+002    | 
|      555 |       -3.37e+002    | 
|      556 |       -3.37e+002    | 
|      557 |        8.46e+001    | 
|      558 |        8.46e+001    | 
|      559 |       -1.09e+003    | 
|      560 |        4.17e+002    | 
|      561 |        5.15e+002    | 
|      562 |       -2.48e+002    | 
|      563 |        8.46e+001    | 
|      564 |        1.33e+002    | 
|      565 |        1.33e+002    | 
|      566 |       -1.02e+002    | 
|      567 |       -1.02e+002    | 
|      568 |       -3.37e+002    | 
|      569 |       -3.37e+002    | 
|      570 |        8.46e+001    | 
|      571 |        8.46e+001    | 
|      572 |       -1.09e+003    | 
|      573 |        4.17e+002    | 
|      574 |        5.15e+002    | 
|      575 |       -2.48e+002    | 
|      576 |        8.46e+001    | 
|      577 |        1.33e+002    | 
|      578 |        1.33e+002    | 
|      579 |       -1.02e+002    | 
|      580 |       -1.02e+002    | 
|      581 |       -3.37e+002    | 
|      582 |       -3.37e+002    | 
|      583 |        8.46e+001    | 
|      584 |        8.46e+001    | 
|      585 |       -1.09e+003    | 
|      586 |        4.17e+002    | 
|      587 |        5.15e+002    | 
|      588 |       -2.48e+002    | 
|      589 |        8.46e+001    | 
|      590 |        1.33e+002    | 
|      591 |        1.33e+002    | 
|      592 |       -1.02e+002    | 
|      593 |       -1.02e+002    | 
|      594 |       -3.37e+002    | 
|      595 |       -3.37e+002    | 
|      596 |        8.46e+001    | 
|      597 |        8.46e+001    | 
|      598 |       -1.09e+003    | 
|      599 |        4.17e+002    | 
|      600 |        5.15e+002    | 
|      601 |       -2.48e+002    | 
|      602 |        8.46e+001    | 
|      603 |        1.33e+002    | 
|      604 |        1.33e+002    | 
|      605 |       -1.02e+002    | 
|      606 |       -1.02e+002    | 
|      607 |       -3.37e+002    | 
|      608 |       -3.37e+002    | 
|      609 |        8.46e+001    | 
|      610 |        8.46e+001    | 
|      611 |       -1.09e+003    | 
|      612 |        4.17e+002    | 
|      613 |        5.15e+002    | 
|      614 |       -2.48e+002    | 
|      615 |        8.46e+001    | 
|      616 |        1.33e+002    | 
|      617 |        1.33e+002    | 
|      618 |       -1.02e+002    | 
|      619 |       -1.02e+002    | 
|      620 |       -3.37e+002    | 
|      621 |       -3.37e+002    | 
|      622 |        8.46e+001    | 
|      623 |        8.46e+001    | 
|      624 |       -1.09e+003    | 
|      625 |        4.17e+002    | 
|      626 |        5.15e+002    | 
|      627 |       -2.48e+002    | 
|      628 |        8.46e+001    | 
|      629 |        1.33e+002    | 
|      630 |        1.33e+002    | 
|      631 |       -1.02e+002    | 
|      632 |       -1.02e+002    | 
|      633 |       -3.37e+002    | 
|      634 |       -3.37e+002    | 
|      635 |        8.46e+001    | 
|      636 |        8.46e+001    | 
|      637 |       -1.09e+003    | 
|      638 |        4.18e+002    | 
|      639 |        5.15e+002    | 
|      640 |       -2.48e+002    | 
|      641 |        8.45e+001    | 
|      642 |        1.33e+002    | 
|      643 |        1.33e+002    | 
|      644 |       -1.02e+002    | 
|      645 |       -1.02e+002    | 
|      646 |       -3.37e+002    | 
|      647 |       -3.37e+002    | 
|      648 |        8.46e+001    | 
|      649 |        8.46e+001    | 
|      650 |       -1.09e+003    | 
|      651 |        4.17e+002    | 
|      652 |        5.15e+002    | 
|      653 |       -2.49e+002    | 
|      654 |        8.54e+001    | 
|      655 |        1.33e+002    | 
|      656 |        1.33e+002    | 
|      657 |       -1.02e+002    | 
|      658 |       -1.02e+002    | 
|      659 |       -3.38e+002    | 
|      660 |       -3.38e+002    | 
|      661 |        8.46e+001    | 
|      662 |        8.46e+001    | 
|      663 |       -1.09e+003    | 
|      664 |        4.23e+002    | 
|      665 |        5.15e+002    | 
|      666 |       -2.42e+002    | 
|      667 |        7.78e+001    | 
|      668 |        1.35e+002    | 
|      669 |        1.35e+002    | 
|      670 |       -1.04e+002    | 
|      671 |       -1.04e+002    | 
|      672 |       -3.36e+002    | 
|      673 |       -3.36e+002    | 
|      674 |        8.40e+001    | 
|      675 |        8.40e+001    | 
|      676 |       -1.09e+003    | 
|      677 |        3.85e+002    | 
|      678 |        5.13e+002    | 
|      679 |       -2.89e+002    | 
|      680 |        1.42e+002    | 
|      681 |        1.24e+002    | 
|      682 |        1.24e+002    | 
|      683 |       -9.05e+001    | 
|      684 |       -9.05e+001    | 
|      685 |       -3.46e+002    | 
|      686 |       -3.46e+002    | 
|      687 |        9.49e+001    | 
|      688 |        9.49e+001    | 
|      689 |       -1.05e+003    | 
|      690 |        5.45e+002    | 
|      691 |        5.48e+002    | 
|      692 |       -4.95e+001    | 
|      693 |       -4.59e+002    | 
|      694 |        1.89e+002    | 
|      695 |        1.89e+002    | 
|      696 |       -2.05e+002    | 
|      697 |       -2.05e+002    | 
|      698 |       -2.93e+002    | 
|      699 |       -2.93e+002    | 
|      700 |       -1.06e+002    | 
|      701 |       -1.06e+002    | 
|      702 |       -8.44e+002    | 
|      703 |        1.55e+002    | 
|      704 |        4.95e+002    | 
|      705 |       -2.82e+002    | 
|      706 |        3.38e+002    | 
|      707 |        1.65e+002    | 
|      708 |        1.65e+002    | 
|      709 |       -2.92e+002    | 
|      710 |        5.70e+001    | 
|      711 |       -2.47e+002    | 
|      712 |       -2.47e+002    | 
|      713 |        1.37e+002    | 
|      714 |        1.37e+002    | 
|      715 |       -8.48e+002    | 
|      716 |        3.38e+002    | 
|      717 |        4.59e+002    | 
|      718 |       -1.90e+002    | 
|      719 |        2.07e+001    | 
|      720 |        1.12e+002    | 
|      721 |        1.12e+002    | 
|      722 |       -8.28e+001    | 
|      723 |        6.79e+001    | 
|      724 |       -3.01e+002    | 
|      725 |       -3.01e+002    | 
|      726 |        4.74e+001    | 
|      727 |        4.74e+001    | 
|      728 |       -7.51e+002    | 
|      729 |        2.67e+002    | 
|      730 |        3.98e+002    | 
|      731 |       -1.70e+002    | 
|      732 |        5.58e+001    | 
|      733 |        1.09e+002    | 
|      734 |        1.09e+002    | 
|      735 |       -1.45e+002    | 
|      736 |        6.10e+000    | 
|      737 |       -2.24e+002    | 
|      738 |       -2.24e+002    | 
|      739 |        5.23e+001    | 
|      740 |        5.23e+001    | 
|      741 |       -6.63e+002    | 
|      742 |        2.35e+002    | 
|      743 |        3.08e+002    | 
|      744 |       -1.30e+002    | 
|      745 |        5.16e+001    | 
|      746 |        7.88e+001    | 
|      747 |        7.88e+001    | 
|      748 |       -1.37e+002    | 
|      749 |        1.33e+001    | 
|      750 |       -2.06e+002    | 
|      751 |       -2.06e+002    | 
|      752 |        5.20e+001    | 
|      753 |        5.20e+001    | 
|      754 |       -5.75e+002    | 
|      755 |        1.98e+002    | 
|      756 |        2.20e+002    | 
|      757 |       -9.42e+001    | 
|      758 |        5.21e+001    | 
|      759 |        5.36e+001    | 
|      760 |        5.36e+001    | 
|      761 |       -1.38e+002    | 
|      762 |        1.24e+001    | 
|      763 |       -1.79e+002    | 
|      764 |       -1.79e+002    | 
|      765 |        5.20e+001    | 
|      766 |        5.20e+001    | 
|      767 |       -4.87e+002    | 
|      768 |        1.62e+002    | 
|      769 |        1.31e+002    | 
|      770 |       -5.79e+001    | 
|      771 |        5.22e+001    | 
|      772 |        2.76e+001    | 
|      773 |        2.76e+001    | 
|      774 |       -1.38e+002    | 
|      775 |        1.26e+001    | 
|      776 |       -1.53e+002    | 
|      777 |       -1.53e+002    | 
|      778 |        5.22e+001    | 
|      779 |        5.22e+001    | 
|      780 |       -3.97e+002    | 
|      781 |        1.18e+002    | 
|      782 |        4.31e+001    | 
|      783 |       -1.96e+001    | 
|      784 |        4.94e+001    | 
|      785 |        2.14e+000    | 
|      786 |        2.14e+000    | 
|      787 |       -1.39e+002    | 
|      788 |        1.22e+001    | 
|      789 |       -1.29e+002    | 
|      790 |       -1.29e+002    | 
|      791 |        4.94e+001    | 
|      792 |        4.94e+001    | 
|      793 |       -3.24e+002    | 
|      794 |        1.77e+002    | 
|      795 |       -5.03e+001    | 
|      796 |        2.52e+001    | 
|      797 |        1.01e+002    | 
|      798 |       -2.38e+001    | 
|      799 |       -2.38e+001    | 
|      800 |       -1.31e+002    | 
|      801 |        1.93e+001    | 
|      802 |       -8.82e+001    | 
|      803 |       -8.82e+001    | 
|      804 |        1.01e+002    | 
|      805 |        1.01e+002    | 
|      806 |       -1.96e+002    | 
|      807 |       -4.57e+002    | 
|      808 |       -4.57e+002    | 
|      809 |       -1.96e+002    | 
|      810 |        1.24e+001    | 
|      811 |       -1.56e+001    | 
|      812 |        1.32e+002    | 
|      813 |        2.83e+001    | 
|      814 |        2.83e+001    | 
|      815 |       -3.98e+002    | 
|      816 |        1.06e+002    | 
|      817 |       -1.44e+001    | 
|      818 |       -1.78e+002    | 
|      819 |       -1.62e+002    | 
|      820 |        2.56e+002    | 
|      821 |       -1.78e+002    | 
|      822 |       -1.44e+001    | 
|      823 |        7.62e+001    | 
|      824 |        4.16e+001    | 
|      825 |       -1.66e+001    | 
|      826 |        3.57e+001    | 
|      827 |        3.57e+001    | 
|      828 |       -1.31e+002    | 
|      829 |       -1.07e+002    | 
|      830 |       -3.14e+001    | 
|      831 |       -3.68e+001    | 
|      832 |       -2.62e+002    | 
|      833 |        1.56e+002    | 
|      834 |       -3.68e+001    | 
|      835 |       -3.14e+001    | 
|      836 |        1.84e+002    | 
|      837 |        3.39e+001    | 
|      838 |       -1.11e+002    | 
|      839 |        3.52e+001    | 
|      840 |        3.52e+001    | 
|      841 |        1.13e+002    | 
|      842 |       -3.54e+002    | 
|      843 |       -1.12e+002    | 
|      844 |        2.46e+001    | 
|      845 |       -2.51e+002    | 
|      846 |        1.68e+002    | 
|      847 |        2.46e+001    | 
|      848 |       -1.12e+002    | 
|      849 |        2.82e+002    | 
|      850 |        4.09e+001    | 
|      851 |       -2.18e+002    | 
|      852 |        3.66e+001    | 
|      853 |        3.66e+001    | 
|      854 |        3.58e+002    | 
|      855 |       -5.99e+002    | 
|      856 |       -1.83e+002    | 
|      857 |        9.68e+001    | 
|      858 |       -2.51e+002    | 
|      859 |        1.67e+002    | 
|      860 |        9.68e+001    | 
|      861 |       -1.83e+002    | 
|      862 |        3.82e+002    | 
|      863 |       -2.02e+001    | 
|      864 |       -2.95e+002    | 
|      865 |        1.18e+001    | 
|      866 |        1.18e+001    | 
|      867 |        6.06e+002    | 
|      868 |       -8.38e+002    | 
|      869 |       -2.53e+002    | 
|      870 |        1.75e+002    | 
|      871 |       -2.62e+002    | 
|      872 |        1.56e+002    | 
|      873 |        1.75e+002    | 
|      874 |       -2.53e+002    | 
|      875 |        4.17e+002    | 
|      876 |       -1.33e+001    | 
|      877 |       -3.37e+002    | 
|      878 |        1.32e+001    | 
|      879 |        1.32e+001    | 
|      880 |        7.76e+002    | 
|      881 |       -9.99e+002    | 
|      882 |       -3.00e+002    | 
|      883 |        2.30e+002    | 
|      884 |       -1.40e+002    | 
|      885 |        1.18e+001    | 
|      886 |        2.30e+002    | 
|      887 |       -3.00e+002    | 
|      888 |        3.91e+002    | 
|      889 |       -2.03e+001    | 
|      890 |       -3.04e+002    | 
|      891 |        1.18e+001    | 
|      892 |        1.18e+001    | 
|      893 |        7.87e+002    | 
|      894 |       -1.01e+003    | 
|      895 |       -3.03e+002    | 
|      896 |        2.33e+002    | 
|      897 |       -6.23e+000    | 
|      898 |       -1.22e+002    | 
|      899 |        2.33e+002    | 
|      900 |       -3.03e+002    | 
|      901 |        2.99e+002    | 
|      902 |        4.16e+001    | 
|      903 |       -2.36e+002    | 
|      904 |        3.66e+001    | 
|      905 |        3.66e+001    | 
|      906 |        6.38e+002    | 
|      907 |       -8.70e+002    | 
|      908 |       -2.62e+002    | 
|      909 |        1.84e+002    | 
|      910 |        1.39e+002    | 
|      911 |       -2.44e+002    | 
|      912 |        1.84e+002    | 
|      913 |       -2.62e+002    | 
|      914 |        2.16e+002    | 
|      915 |        2.84e+001    | 
|      916 |       -1.34e+002    | 
|      917 |        3.46e+001    | 
|      918 |        3.46e+001    | 
|      919 |        4.11e+002    | 
|      920 |       -6.52e+002    | 
|      921 |       -1.97e+002    | 
|      922 |        1.13e+002    | 
|      923 |        1.48e+002    | 
|      924 |       -2.34e+002    | 
|      925 |        1.13e+002    | 
|      926 |       -1.97e+002    | 
|      927 |        7.22e+001    | 
|      928 |        9.01e+001    | 
|      929 |       -6.10e+001    | 
|      930 |        4.79e+001    | 
|      931 |        4.79e+001    | 
|      932 |        1.83e+002    | 
|      933 |       -4.29e+002    | 
|      934 |       -1.42e+002    | 
|      935 |        4.25e+001    | 
|      936 |        1.59e+002    | 
|      937 |       -2.23e+002    | 
|      938 |        4.25e+001    | 
|      939 |       -1.42e+002    | 
|      940 |        9.11e+000    | 
|      941 |        1.50e+001    | 
|      942 |       -3.42e+000    | 
|      943 |        8.90e+000    | 
|      944 |        8.90e+000    | 
|      945 |        2.41e+001    | 
|      946 |       -9.39e+001    | 
|      947 |       -2.66e+001    | 
|      948 |       -4.05e+000    | 
|      949 |        4.77e+001    | 
|      950 |       -3.00e+001    | 
|      951 |       -4.05e+000    | 
|      952 |       -2.66e+001    | 
|      953 |        9.63e+001    | 
|      954 |        3.56e+002    | 
|      955 |        1.41e+002    | 
|      956 |        6.16e+001    | 
|      957 |        6.16e+001    | 
|      958 |       -6.19e+002    | 
|      959 |        4.22e+002    | 
|      960 |        1.92e+002    | 
|      961 |       -1.25e+002    | 
|      962 |       -1.99e+002    | 
|      963 |       -2.52e+002    | 
|      964 |       -1.25e+002    | 
|      965 |        1.92e+002    | 
|      966 |        3.43e+001    | 
|      967 |        4.49e+001    | 
|      968 |        4.49e+001    | 
|      969 |       -6.53e+002    | 
|      970 |        3.34e+002    | 
|      971 |        7.38e+001    | 
|      972 |       -2.14e+002    | 
|      973 |       -9.38e+000    | 
|      974 |       -6.22e+001    | 
|      975 |       -2.14e+002    | 
|      976 |        7.38e+001    | 
|      977 |        1.96e+002    | 
|      978 |        2.53e+002    | 
|      979 |       -2.31e+002    | 
|      980 |       -1.42e+002    | 
|      981 |        4.72e+001    | 
|      982 |        4.58e+001    | 
|      983 |        4.58e+001    | 
|      984 |       -6.18e+002    | 
|      985 |        3.06e+002    | 
|      986 |        8.24e+001    | 
|      987 |       -1.88e+002    | 
|      988 |       -3.12e+001    | 
|      989 |       -8.40e+001    | 
|      990 |       -1.88e+002    | 
|      991 |        8.24e+001    | 
|      992 |        2.29e+002    | 
|      993 |       -1.41e+002    | 
|      994 |        4.55e+001    | 
|      995 |        4.57e+001    | 
|      996 |        4.57e+001    | 
|      997 |       -5.87e+002    | 
|      998 |        2.75e+002    | 
|      999 |        7.08e+001    | 
|     1000 |       -1.82e+002    | 
|     1001 |       -2.85e+001    | 
|     1002 |       -8.13e+001    | 
|     1003 |       -1.82e+002    | 
|     1004 |        7.08e+001    | 
|     1005 |        2.18e+002    | 
|     1006 |       -1.26e+002    | 
|     1007 |        4.57e+001    | 
|     1008 |        4.57e+001    | 
|     1009 |        4.57e+001    | 
|     1010 |       -5.56e+002    | 
|     1011 |        2.44e+002    | 
|     1012 |        6.21e+001    | 
|     1013 |       -1.72e+002    | 
|     1014 |       -2.88e+001    | 
|     1015 |       -8.16e+001    | 
|     1016 |       -1.72e+002    | 
|     1017 |        6.21e+001    | 
|     1018 |        2.05e+002    | 
|     1019 |       -1.14e+002    | 
|     1020 |        4.57e+001    | 
|     1021 |        4.57e+001    | 
|     1022 |        4.57e+001    | 
|     1023 |       -5.25e+002    | 
|     1024 |        2.13e+002    | 
|     1025 |        5.30e+001    | 
|     1026 |       -1.63e+002    | 
|     1027 |       -2.88e+001    | 
|     1028 |       -8.16e+001    | 
|     1029 |       -1.63e+002    | 
|     1030 |        5.30e+001    | 
|     1031 |        1.92e+002    | 
|     1032 |       -1.01e+002    | 
|     1033 |        4.57e+001    | 
|     1034 |        4.57e+001    | 
|     1035 |        4.57e+001    | 
|     1036 |       -4.95e+002    | 
|     1037 |        1.82e+002    | 
|     1038 |        4.39e+001    | 
|     1039 |       -1.54e+002    | 
|     1040 |       -2.88e+001    | 
|     1041 |       -8.16e+001    | 
|     1042 |       -1.54e+002    | 
|     1043 |        4.39e+001    | 
|     1044 |        1.79e+002    | 
|     1045 |       -8.81e+001    | 
|     1046 |        4.56e+001    | 
|     1047 |        4.57e+001    | 
|     1048 |        4.57e+001    | 
|     1049 |       -4.64e+002    | 
|     1050 |        1.51e+002    | 
|     1051 |        3.49e+001    | 
|     1052 |       -1.45e+002    | 
|     1053 |       -2.88e+001    | 
|     1054 |       -8.16e+001    | 
|     1055 |       -1.45e+002    | 
|     1056 |        3.49e+001    | 
|     1057 |        1.67e+002    | 
|     1058 |       -7.51e+001    | 
|     1059 |        4.65e+001    | 
|     1060 |        4.57e+001    | 
|     1061 |        4.57e+001    | 
|     1062 |       -4.33e+002    | 
|     1063 |        1.21e+002    | 
|     1064 |        2.56e+001    | 
|     1065 |       -1.36e+002    | 
|     1066 |       -2.86e+001    | 
|     1067 |       -8.14e+001    | 
|     1068 |       -1.36e+002    | 
|     1069 |        2.56e+001    | 
|     1070 |        1.53e+002    | 
|     1071 |       -6.34e+001    | 
|     1072 |        3.93e+001    | 
|     1073 |        4.51e+001    | 
|     1074 |        4.51e+001    | 
|     1075 |       -4.01e+002    | 
|     1076 |        8.95e+001    | 
|     1077 |        1.82e+001    | 
|     1078 |       -1.26e+002    | 
|     1079 |       -3.01e+001    | 
|     1080 |       -8.29e+001    | 
|     1081 |       -1.26e+002    | 
|     1082 |        1.82e+001    | 
|     1083 |        1.44e+002    | 
|     1084 |       -4.27e+001    | 
|     1085 |        1.01e+002    | 
|     1086 |        5.71e+001    | 
|     1087 |        5.71e+001    | 
|     1088 |       -3.75e+002    | 
|     1089 |        5.84e+001    | 
|     1090 |       -2.98e+000    | 
|     1091 |       -1.23e+002    | 
|     1092 |       -1.78e+001    | 
|     1093 |       -7.06e+001    | 
|     1094 |       -1.23e+002    | 
|     1095 |       -2.98e+000    | 
|     1096 |        1.13e+002    | 
|     1097 |       -8.60e+001    | 
|     1098 |        7.26e+000    | 
|     1099 |        1.34e+001    | 
|     1100 |        1.34e+001    | 
|     1101 |       -2.80e+002    | 
|     1102 |        1.57e+002    | 
|     1103 |        4.86e+001    | 
|     1104 |       -9.36e+001    | 
|     1105 |        1.74e+002    | 
|     1106 |       -1.82e+002    | 
|     1107 |       -9.36e+001    | 
|     1108 |        4.86e+001    | 
|     1109 |        7.23e+001    | 
|     1110 |       -3.34e+001    | 
|     1111 |        1.95e+001    | 
|     1112 |        1.64e+001    | 
|     1113 |        1.64e+001    | 
|     1114 |       -6.76e+001    | 
|     1115 |       -3.86e+001    | 
|     1116 |       -1.47e+001    | 
|     1117 |       -2.20e+001    | 
|     1118 |        1.58e+002    | 
|     1119 |       -1.98e+002    | 
|     1120 |       -2.20e+001    | 
|     1121 |       -1.47e+001    | 
|     1122 |       -2.50e+001    | 
|     1123 |        5.18e+001    | 
|     1124 |       -1.39e+001    | 
|     1125 |        3.17e+000    | 
|     1126 |        3.17e+000    | 
|     1127 |        1.43e+002    | 
|     1128 |       -2.45e+002    | 
|     1129 |       -7.50e+001    | 
|     1130 |        4.08e+001    | 
|     1131 |        1.54e+002    | 
|     1132 |       -2.02e+002    | 
|     1133 |        4.08e+001    | 
|     1134 |       -7.50e+001    | 
|     1135 |       -9.71e+001    | 
|     1136 |        1.38e+002    | 
|     1137 |       -1.01e+001    | 
|     1138 |        3.93e+000    | 
|     1139 |        3.93e+000    | 
|     1140 |        3.11e+002    | 
|     1141 |       -4.08e+002    | 
|     1142 |       -1.23e+002    | 
|     1143 |        9.34e+001    | 
|     1144 |        7.70e+001    | 
|     1145 |       -1.37e+002    | 
|     1146 |        9.34e+001    | 
|     1147 |       -1.23e+002    | 
|     1148 |       -1.52e+002    | 
|     1149 |        1.88e+002    | 
|     1150 |       -1.38e+001    | 
|     1151 |        3.18e+000    | 
|     1152 |        3.18e+000    | 
|     1153 |        3.96e+002    | 
|     1154 |       -4.92e+002    | 
|     1155 |       -1.47e+002    | 
|     1156 |        1.18e+002    | 
|     1157 |        6.36e+000    | 
|     1158 |       -6.67e+001    | 
|     1159 |        1.18e+002    | 
|     1160 |       -1.47e+002    | 
|     1161 |       -1.67e+002    | 
|     1162 |        2.07e+002    | 
|     1163 |        1.86e+001    | 
|     1164 |        1.63e+001    | 
|     1165 |        1.63e+001    | 
|     1166 |        3.95e+002    | 
|     1167 |       -4.97e+002    | 
|     1168 |       -1.49e+002    | 
|     1169 |        1.15e+002    | 
|     1170 |       -5.85e+001    | 
|     1171 |        9.92e+000    | 
|     1172 |        1.15e+002    | 
|     1173 |       -1.49e+002    | 
|     1174 |       -1.63e+002    | 
|     1175 |        1.92e+002    | 
|     1176 |        1.53e+001    | 
|     1177 |        1.56e+001    | 
|     1178 |        1.56e+001    | 
|     1179 |        3.53e+002    | 
|     1180 |       -4.60e+002    | 
|     1181 |       -1.38e+002    | 
|     1182 |        9.98e+001    | 
|     1183 |       -5.25e+001    | 
|     1184 |        1.59e+001    | 
|     1185 |        9.98e+001    | 
|     1186 |       -1.38e+002    | 
|     1187 |       -1.44e+002    | 
|     1188 |        1.76e+002    | 
|     1189 |        1.57e+001    | 
|     1190 |        1.56e+001    | 
|     1191 |        1.56e+001    | 
|     1192 |        3.13e+002    | 
|     1193 |       -4.20e+002    | 
|     1194 |       -1.26e+002    | 
|     1195 |        8.86e+001    | 
|     1196 |       -5.31e+001    | 
|     1197 |        1.52e+001    | 
|     1198 |        8.86e+001    | 
|     1199 |       -1.26e+002    | 
|     1200 |       -1.28e+002    | 
|     1201 |        1.59e+002    | 
|     1202 |        1.56e+001    | 
|     1203 |        1.56e+001    | 
|     1204 |        1.56e+001    | 
|     1205 |        2.73e+002    | 
|     1206 |       -3.80e+002    | 
|     1207 |       -1.15e+002    | 
|     1208 |        7.68e+001    | 
|     1209 |       -5.31e+001    | 
|     1210 |        1.53e+001    | 
|     1211 |        7.68e+001    | 
|     1212 |       -1.15e+002    | 
|     1213 |       -1.11e+002    | 
|     1214 |        1.43e+002    | 
|     1215 |        1.56e+001    | 
|     1216 |        1.56e+001    | 
|     1217 |        1.56e+001    | 
|     1218 |        2.33e+002    | 
|     1219 |       -3.40e+002    | 
|     1220 |       -1.03e+002    | 
|     1221 |        6.51e+001    | 
|     1222 |       -5.31e+001    | 
|     1223 |        1.53e+001    | 
|     1224 |        6.51e+001    | 
|     1225 |       -1.03e+002    | 
|     1226 |       -9.48e+001    | 
|     1227 |        1.26e+002    | 
|     1228 |        1.56e+001    | 
|     1229 |        1.56e+001    | 
|     1230 |        1.56e+001    | 
|     1231 |        1.93e+002    | 
|     1232 |       -3.00e+002    | 
|     1233 |       -9.11e+001    | 
|     1234 |        5.34e+001    | 
|     1235 |       -5.31e+001    | 
|     1236 |        1.53e+001    | 
|     1237 |        5.34e+001    | 
|     1238 |       -9.11e+001    | 
|     1239 |       -7.82e+001    | 
|     1240 |        1.09e+002    | 
|     1241 |        1.56e+001    | 
|     1242 |        1.56e+001    | 
|     1243 |        1.56e+001    | 
|     1244 |        1.53e+002    | 
|     1245 |       -2.60e+002    | 
|     1246 |       -7.94e+001    | 
|     1247 |        4.16e+001    | 
|     1248 |       -5.31e+001    | 
|     1249 |        1.53e+001    | 
|     1250 |        4.16e+001    | 
|     1251 |       -7.94e+001    | 
|     1252 |       -6.16e+001    | 
|     1253 |        9.29e+001    | 
|     1254 |        1.58e+001    | 
|     1255 |        1.56e+001    | 
|     1256 |        1.56e+001    | 
|     1257 |        1.13e+002    | 
|     1258 |       -2.20e+002    | 
|     1259 |       -6.77e+001    | 
|     1260 |        2.99e+001    | 
|     1261 |       -5.30e+001    | 
|     1262 |        1.54e+001    | 
|     1263 |        2.99e+001    | 
|     1264 |       -6.77e+001    | 
|     1265 |       -4.51e+001    | 
|     1266 |        7.60e+001    | 
|     1267 |        1.42e+001    | 
|     1268 |        1.57e+001    | 
|     1269 |        1.57e+001    | 
|     1270 |        7.32e+001    | 
|     1271 |       -1.80e+002    | 
|     1272 |       -5.54e+001    | 
|     1273 |        1.83e+001    | 
|     1274 |       -5.34e+001    | 
|     1275 |        1.50e+001    | 
|     1276 |        1.83e+001    | 
|     1277 |       -5.54e+001    | 
|     1278 |       -2.79e+001    | 
|     1279 |        6.23e+001    | 
|     1280 |        2.57e+001    | 
|     1281 |        1.45e+001    | 
|     1282 |        1.45e+001    | 
|     1283 |        3.20e+001    | 
|     1284 |       -1.38e+002    | 
|     1285 |       -4.84e+001    | 
|     1286 |        5.50e+000    | 
|     1287 |       -5.08e+001    | 
|     1288 |        1.76e+001    | 
|     1289 |        5.50e+000    | 
|     1290 |       -4.84e+001    | 
|     1291 |       -1.42e+001    | 
|     1292 |        2.09e+001    | 
|     1293 |        1.67e+002    | 
|     1294 |        3.76e+002    | 
---------------------------------- 
